22
teacher1 11 1234 10000 0
teacher2 11 1235 10000 0
student1 11 1236 10000 1
student2 11 1237 10000 1
·ÖÎÒ 11 1238 10000 1
student4 11 1239 10000 1
student5 11 1240 10000 1
student6 11 1241 10000 1
student7 11 1242 10000 1
student8 11 1243 10000 1
student9 11 1244 10000 1
studentA 11 1245 10000 1
studentB 11 1246 10000 1
studentC 11 1247 10000 1
°®åú 11 1248 10000 1
studentE 11 1249 10000 1
studentF 11 1250 10000 1
studentG 11 1251 10000 1
studentH 11 1252 10000 1
studentI 11 1253 10000 1
studentJ 11 1254 10000 1
studentK 11 1255 10000 1
