54 0 75 0
54 0 75 0
54 0 75 0
54 0 75 0
54 0 75 0
54 0 75 0
54 0 75 0
54 0 75 0
54 0 75 0
54 0 75 0
54 0 75 0
54 0 75 0
54 0 0 0
54 0 0 0
54 0 0 0
54 0 75 0
54 0 75 0
54 0 75 0
54 0 75 0
54 0 75 0
54 0 75 0
54 0 75 0
54 0 75 0
54 0 75 0
54 0 0 0
54 0 0 0
54 0 0 0
54 0 75 0
54 0 75 0
54 0 75 0
54 0 75 0
54 0 75 0
54 0 75 0
54 0 75 0
54 0 75 0
54 0 75 0
54 0 75 0
54 0 75 0
54 0 75 0
54 0 75 0
54 0 75 0
54 0 75 0
51 0 75 0
51 0 75 0
54 0 75 0
54 0 75 0
54 0 75 0
51 0 75 0
51 0 75 0
51 0 75 0
51 0 75 0
51 0 75 0
51 0 75 0
51 0 75 0
51 0 75 0
54 0 75 0
54 0 75 0
54 0 75 0
54 0 3435973836 0
54 0 3435973836 0
54 0 3435973836 0
54 0 3435973836 0
54 0 3435973836 0
54 0 3435973836 0
54 0 3435973836 0
54 0 3435973836 0
54 0 3435973836 0
54 0 3435973836 0
54 0 3435973836 0
54 0 3435973836 0
54 0 3435973836 0
54 0 3435973836 0
54 0 3435973836 0
54 0 3435973836 0
54 0 3435973836 0
54 0 3435973836 0
54 0 3435973836 0
54 0 3435973836 0
54 0 3435973836 0
54 0 3435973836 0
54 0 3435973836 0
54 0 3435973836 0
54 0 3435973836 0
54 0 3435973836 0
54 0 3435973836 0
1 1 1 1234
51 0 75 0
54 0 75 0
54 0 75 0
54 0 75 0
1 2 2 1234
1 3 3 1234
1 4 4 1234
1 5 5 1234
1 6 6 1234
1 7 7 1234
1 8 8 1234
1 9 9 1234
1 10 10 1234
1 11 11 1234
1 12 12 1234
1 13 13 1234
1 14 14 1234
1 15 15 1234
1 16 16 1234
1 17 17 1234
1 18 18 1234
1 19 19 1234
1 20 20 1234
1 21 21 1234
1 22 22 1234
1 23 23 1234
1 24 24 1234
1 25 25 1234
1 26 26 1234
1 27 27 1234
1 28 28 1234
1 29 29 1234
1 30 30 1234
1 31 31 1234
1 32 32 1234
1 33 33 1234
1 34 34 1234
1 35 35 1234
1 36 36 1234
1 37 37 1234
1 38 38 1234
1 39 39 1234
1 40 40 1234
1 41 41 1234
1 42 42 1234
1 43 43 1234
1 44 44 1234
1 45 45 1234
1 46 46 1234
1 47 47 1234
1 48 48 1234
1 49 49 1234
1 50 50 1234
1 51 51 1234
1 52 52 1234
1 53 53 1234
1 54 54 1234
1 55 55 1234
1 56 56 1234
1 57 57 1234
1 58 58 1234
1 59 59 1234
1 60 60 1234
1 61 61 1234
1 62 62 1234
1 63 63 1234
1 64 64 1234
1 65 65 1234
1 66 66 1234
1 67 67 1234
1 68 68 1234
1 69 69 1234
1 70 70 1234
1 71 71 1234
1 72 72 1234
1 73 73 1234
1 74 74 1234
1 75 75 1234
1 76 76 1234
1 77 77 1234
1 78 78 1234
1 79 79 1234
1 80 80 1234
1 81 81 1234
1 82 82 1234
1 83 83 1234
1 84 84 1234
1 85 85 1234
1 86 86 1234
1 87 87 1234
1 88 88 1234
1 89 89 1234
1 90 90 1234
1 91 91 1234
1 92 92 1234
1 93 93 1234
1 94 94 1234
1 95 95 1234
1 96 96 1234
1 97 97 1234
1 98 98 1234
1 99 99 1234
1 100 100 1234
1 101 101 1234
1 102 102 1234
1 103 103 1234
1 104 104 1234
1 105 105 1234
1 106 106 1234
1 107 107 1234
1 108 108 1234
1 109 109 1234
1 110 110 1234
1 111 111 1234
1 112 112 1234
1 113 113 1234
1 114 114 1234
1 115 115 1234
1 116 116 1234
1 117 117 1234
1 118 118 1234
1 119 119 1234
1 120 120 1234
1 121 121 1234
1 122 122 1234
1 123 123 1234
1 124 124 1234
1 125 125 1234
1 126 126 1234
1 127 127 1234
1 128 128 1234
1 129 129 1234
1 130 130 1234
1 131 131 1234
1 132 132 1234
1 133 133 1234
1 134 134 1234
1 135 135 1234
1 136 136 1234
54 0 3435973836 0
54 0 3435973836 0
54 0 3435973836 0
54 0 3435973836 0
54 0 3435973836 0
54 0 3435973836 0
54 0 3435973836 0
54 0 3435973836 0
54 0 3435973836 0
54 0 3435973836 0
54 0 3435973836 0
54 0 3435973836 0
54 0 3435973836 0
54 0 3435973836 0
54 0 3435973836 0
54 0 3435973836 0
54 0 3435973836 0
54 0 3435973836 0
54 0 3435973836 0
54 0 3435973836 0
54 0 3435973836 0
1 1 1 1234
1 2 2 1234
51 0 75 0
1 3 3 1234
54 0 75 0
1 4 4 1234
1 5 5 1234
54 0 75 0
1 6 6 1234
1 7 7 1234
1 8 8 1234
54 0 75 0
1 9 9 1234
1 10 10 1234
1 11 11 1234
1 12 12 1234
1 13 13 1234
1 14 14 1234
1 15 15 1234
1 16 16 1234
1 17 17 1234
1 18 18 1234
1 19 19 1234
1 20 20 1234
1 21 21 1234
1 22 22 1234
1 23 23 1234
1 24 24 1234
1 25 25 1234
1 26 26 1234
1 27 27 1234
1 28 28 1234
1 29 29 1234
1 30 30 1234
1 31 31 1234
1 32 32 1234
1 33 33 1234
1 34 34 1234
1 35 35 1234
1 36 36 1234
1 37 37 1234
1 38 38 1234
1 39 39 1234
1 40 40 1234
1 41 41 1234
1 42 42 1234
1 43 43 1234
1 44 44 1234
1 45 45 1234
1 46 46 1234
1 47 47 1234
1 48 48 1234
1 49 49 1234
1 50 50 1234
1 51 51 1234
1 52 52 1234
1 53 53 1234
1 54 54 1234
1 55 55 1234
1 56 56 1234
1 57 57 1234
1 58 58 1234
1 59 59 1234
1 60 60 1234
1 61 61 1234
1 62 62 1234
1 63 63 1234
1 64 64 1234
1 65 65 1234
1 66 66 1234
1 67 67 1234
1 68 68 1234
1 69 69 1234
1 70 70 1234
1 71 71 1234
1 72 72 1234
1 73 73 1234
1 74 74 1234
1 75 75 1234
1 76 76 1234
1 77 77 1234
1 78 78 1234
1 79 79 1234
1 80 80 1234
1 81 81 1234
1 82 82 1234
1 83 83 1234
1 84 84 1234
1 85 85 1234
1 86 86 1234
1 87 87 1234
1 88 88 1234
1 89 89 1234
1 90 90 1234
1 91 91 1234
1 92 92 1234
1 93 93 1234
1 94 94 1234
1 95 95 1234
1 96 96 1234
1 97 97 1234
1 98 98 1234
1 99 99 1234
1 100 100 1234
1 101 101 1234
1 102 102 1234
1 103 103 1234
1 104 104 1234
1 105 105 1234
1 106 106 1234
1 107 107 1234
1 108 108 1234
1 109 109 1234
1 110 110 1234
1 111 111 1234
1 112 112 1234
1 113 113 1234
1 114 114 1234
1 115 115 1234
1 116 116 1234
1 117 117 1234
1 118 118 1234
1 119 119 1234
1 120 120 1234
1 121 121 1234
1 122 122 1234
1 123 123 1234
1 124 124 1234
1 125 125 1234
1 126 126 1234
1 127 127 1234
1 128 128 1234
1 129 129 1234
1 130 130 1234
1 131 131 1234
1 132 132 1234
1 133 133 1234
1 134 134 1234
1 135 135 1234
1 136 136 1234
1 137 137 1234
1 138 138 1234
1 139 139 1234
1 140 140 1234
1 141 141 1234
1 142 142 1234
1 143 143 1234
1 144 144 1234
1 145 145 1234
1 146 146 1234
1 147 147 1234
1 148 148 1234
1 149 149 1234
1 150 150 1234
1 151 151 1234
1 152 152 1234
1 153 153 1234
1 154 154 1234
1 155 155 1234
1 156 156 1234
1 157 157 1234
1 158 158 1234
1 159 159 1234
1 160 160 1234
1 161 161 1234
1 162 162 1234
1 163 163 1234
1 164 164 1234
1 165 165 1234
1 166 166 1234
1 167 167 1234
1 168 168 1234
1 169 169 1234
1 170 170 1234
1 171 171 1234
1 172 172 1234
1 173 173 1234
1 174 174 1234
1 175 175 1234
1 176 176 1234
1 177 177 1234
1 178 178 1234
1 179 179 1234
1 180 180 1234
1 181 181 1234
1 182 182 1234
1 183 183 1234
1 184 184 1234
1 185 185 1234
1 186 186 1234
1 187 187 1234
1 188 188 1234
1 189 189 1234
1 190 190 1234
1 191 191 1234
1 192 192 1234
1 193 193 1234
1 194 194 1234
1 195 195 1234
1 196 196 1234
1 197 197 1234
1 198 198 1234
1 199 199 1234
1 200 200 1234
1 201 201 1234
1 202 202 1234
1 203 203 1234
1 204 204 1234
1 205 205 1234
1 206 206 1234
1 207 207 1234
1 208 208 1234
1 209 209 1234
1 210 210 1234
1 211 211 1234
1 212 212 1234
1 213 213 1234
1 214 214 1234
1 215 215 1234
1 216 216 1234
1 217 217 1234
1 218 218 1234
1 219 219 1234
1 220 220 1234
1 221 221 1234
1 222 222 1234
1 223 223 1234
1 224 224 1234
1 225 225 1234
1 226 226 1234
1 227 227 1234
1 228 228 1234
1 229 229 1234
1 230 230 1234
1 231 231 1234
1 232 232 1234
1 233 233 1234
1 234 234 1234
1 235 235 1234
1 236 236 1234
1 237 237 1234
1 238 238 1234
1 239 239 1234
1 240 240 1234
1 241 241 1234
1 242 242 1234
1 243 243 1234
1 244 244 1234
1 245 245 1234
1 246 246 1234
1 247 247 1234
1 248 248 1234
1 249 249 1234
1 250 250 1234
1 251 251 1234
1 252 252 1234
1 253 253 1234
1 254 254 1234
1 255 255 1234
1 256 256 1234
1 257 257 1234
1 258 258 1234
1 259 259 1234
1 260 260 1234
1 261 261 1234
1 262 262 1234
1 263 263 1234
1 264 264 1234
1 265 265 1234
1 266 266 1234
1 267 267 1234
1 268 268 1234
1 269 269 1234
1 270 270 1234
1 271 271 1234
1 272 272 1234
1 273 273 1234
1 274 274 1234
1 275 275 1234
1 276 276 1234
1 277 277 1234
1 278 278 1234
1 279 279 1234
1 280 280 1234
1 281 281 1234
1 282 282 1234
1 283 283 1234
1 284 284 1234
1 285 285 1234
1 286 286 1234
1 287 287 1234
1 288 288 1234
1 289 289 1234
1 290 290 1234
1 291 291 1234
1 292 292 1234
1 293 293 1234
1 294 294 1234
1 295 295 1234
1 296 296 1234
1 297 297 1234
1 298 298 1234
1 299 299 1234
1 300 300 1234
1 301 301 1234
1 302 302 1234
1 303 303 1234
1 304 304 1234
1 305 305 1234
1 306 306 1234
1 307 307 1234
1 308 308 1234
1 309 309 1234
1 310 310 1234
1 311 311 1234
1 312 312 1234
1 313 313 1234
1 314 314 1234
1 315 315 1234
1 316 316 1234
1 317 317 1234
1 318 318 1234
1 319 319 1234
1 320 320 1234
1 321 321 1234
1 322 322 1234
1 323 323 1234
1 324 324 1234
1 325 325 1234
1 326 326 1234
1 327 327 1234
1 328 328 1234
1 329 329 1234
1 330 330 1234
1 331 331 1234
1 332 332 1234
1 333 333 1234
1 334 334 1234
1 335 335 1234
1 336 336 1234
1 337 337 1234
1 338 338 1234
1 339 339 1234
1 340 340 1234
1 341 341 1234
1 342 342 1234
54 0 3435973836 0
54 0 3435973836 0
54 0 3435973836 0
51 0 75 0
54 0 75 0
54 0 75 0
54 0 75 0
54 0 3435973836 0
54 0 3435973836 0
54 0 3435973836 0
51 0 75 0
51 0 75 0
54 0 75 0
54 0 75 0
54 0 75 0
54 0 3435973836 0
54 0 3435973836 0
54 0 3435973836 0
54 0 3435973836 0
54 0 3435973836 0
54 0 3435973836 0
54 0 3435973836 0
54 0 3435973836 0
54 0 3435973836 0
54 0 3435973836 0
54 0 3435973836 0
54 0 3435973836 0
54 0 3435973836 0
54 0 3435973836 0
54 0 3435973836 0
51 0 75 0
54 0 75 0
54 0 75 0
54 0 75 0
54 0 3435973836 0
54 0 3435973836 0
54 0 3435973836 0
54 0 3435973836 0
54 0 3435973836 0
54 0 3435973836 0
54 0 3435973836 0
54 0 3435973836 0
54 0 3435973836 0
54 0 3435973836 0
54 0 3435973836 0
54 0 3435973836 0
51 0 75 0
54 0 75 0
54 0 75 0
54 0 75 0
51 0 75 0
51 0 75 0
54 0 75 0
54 0 75 0
54 0 75 0
54 0 3435973836 0
54 0 3435973836 0
54 0 3435973836 0
54 0 3435973836 0
54 0 3435973836 0
54 0 3435973836 0
54 0 3435973836 0
54 0 3435973836 0
54 0 3435973836 0
54 0 3435973836 0
54 0 3435973836 0
54 0 3435973836 0
54 0 3435973836 0
54 0 3435973836 0
54 0 3435973836 0
54 0 3435973836 0
54 0 3435973836 0
54 0 3435973836 0
54 0 3435973836 0
54 0 3435973836 0
54 0 3435973836 0
54 0 3435973836 0
54 0 3435973836 0
54 0 3435973836 0
54 0 3435973836 0
54 0 3435973836 0
54 0 3435973836 0
54 0 3435973836 0
54 0 3435973836 0
54 0 3435973836 0
54 0 3435973836 0
54 0 3435973836 0
54 0 3435973836 0
54 0 3435973836 0
54 0 3435973836 0
54 0 3435973836 0
54 0 3435973836 0
54 0 3435973836 0
54 0 3435973836 0
54 0 3435973836 0
54 0 3435973836 0
54 0 3435973836 0
54 0 3435973836 0
54 0 3435973836 0
54 0 3435973836 0
54 0 3435973836 0
54 0 3435973836 0
54 0 3435973836 0
54 0 3435973836 0
54 0 3435973836 0
54 0 3435973836 0
54 0 3435973836 0
54 0 3435973836 0
54 0 3435973836 0
54 0 3435973836 0
54 0 3435973836 0
54 0 3435973836 0
54 0 3435973836 0
54 0 3435973836 0
54 0 3435973836 0
54 0 3435973836 0
54 0 3435973836 0
54 0 3435973836 0
54 0 3435973836 0
54 0 3435973836 0
54 0 3435973836 0
54 0 3435973836 0
54 0 3435973836 0
54 0 3435973836 0
54 0 3435973836 0
54 0 3435973836 0
54 0 3435973836 0
54 0 3435973836 0
54 0 3435973836 0
54 0 3435973836 0
54 0 3435973836 0
54 0 3435973836 0
54 0 3435973836 0
54 0 3435973836 0
54 0 3435973836 0
54 0 3435973836 0
54 0 3435973836 0
54 0 3435973836 0
54 0 3435973836 0
54 0 3435973836 0
54 0 3435973836 0
54 0 3435973836 0
54 0 3435973836 0
54 0 3435973836 0
54 0 3435973836 0
54 0 3435973836 0
54 0 3435973836 0
54 0 3435973836 0
54 0 3435973836 0
54 0 3435973836 0
54 0 3435973836 0
54 0 3435973836 0
54 0 3435973836 0
54 0 3435973836 0
54 0 3435973836 0
54 0 3435973836 0
54 0 3435973836 0
54 0 3435973836 0
54 0 3435973836 0
54 0 3435973836 0
51 0 75 0
54 0 75 0
54 0 75 0
54 0 75 0
54 0 3435973836 0
54 0 3435973836 0
54 0 3435973836 0
55 0 0 0
54 0 0 0
54 0 0 0
54 0 0 0
54 0 3435973836 0
54 0 3435973836 0
54 0 3435973836 0
1 1 1 1234
1 2 2 1234
1 3 3 1234
1 4 4 1234
1 5 5 1234
1 6 6 1234
1 7 7 1234
1 8 8 1234
1 9 9 1234
1 10 10 1234
1 11 11 1234
1 12 12 1234
1 13 13 1234
1 14 14 1234
1 15 15 1234
1 16 16 1234
1 17 17 1234
1 18 18 1234
1 19 19 1234
1 20 20 1234
1 21 21 1234
1 22 22 1234
1 23 23 1234
1 24 24 1234
1 25 25 1234
1 26 26 1234
1 27 27 1234
1 28 28 1234
1 29 29 1234
1 30 30 1234
1 31 31 1234
1 32 32 1234
1 33 33 1234
1 34 34 1234
1 35 35 1234
1 36 36 1234
1 37 37 1234
1 38 38 1234
1 39 39 1234
1 40 40 1234
1 41 41 1234
1 42 42 1234
1 43 43 1234
1 44 44 1234
1 45 45 1234
1 46 46 1234
1 47 47 1234
1 48 48 1234
1 49 49 1234
1 50 50 1234
1 51 51 1234
1 52 52 1234
1 53 53 1234
1 54 54 1234
1 55 55 1234
1 56 56 1234
1 57 57 1234
1 58 58 1234
1 59 59 1234
1 60 60 1234
1 61 61 1234
1 62 62 1234
1 63 63 1234
1 64 64 1234
1 65 65 1234
1 66 66 1234
1 67 67 1234
1 68 68 1234
1 69 69 1234
1 70 70 1234
1 71 71 1234
1 72 72 1234
1 73 73 1234
1 74 74 1234
1 75 75 1234
54 0 3435973836 0
54 0 3435973836 0
1 76 76 1234
1 77 77 1234
54 0 3435973836 0
1 78 78 1234
1 79 79 1234
1 80 80 1234
1 81 81 1234
1 82 82 1234
1 83 83 1234
1 84 84 1234
1 85 85 1234
1 86 86 1234
1 87 87 1234
1 88 88 1234
1 88 88 1234
1 89 89 1234
1 90 90 1234
1 91 91 1234
1 92 92 1234
1 93 93 1234
1 94 94 1234
1 95 95 1234
1 96 96 1234
1 97 97 1234
1 98 98 1234
1 99 99 1234
1 100 100 1234
1 101 101 1234
1 102 102 1234
1 103 103 1234
1 104 104 1234
1 105 105 1234
1 106 106 1234
1 107 107 1234
1 108 108 1234
1 109 109 1234
1 110 110 1234
1 111 111 1234
1 112 112 1234
1 113 113 1234
1 114 114 1234
1 115 115 1234
1 116 116 1234
1 117 117 1234
1 118 118 1234
1 119 119 1234
1 120 120 1234
1 121 121 1234
1 122 122 1234
1 123 123 1234
1 124 124 1234
1 125 125 1234
1 126 126 1234
1 127 127 1234
1 128 128 1234
1 129 129 1234
1 130 130 1234
1 131 131 1234
1 132 132 1234
1 133 133 1234
1 134 134 1234
1 135 135 1234
1 136 136 1234
1 137 137 1234
1 138 138 1234
1 139 139 1234
1 140 140 1234
1 141 141 1234
1 142 142 1234
1 143 143 1234
1 144 144 1234
1 145 145 1234
1 146 146 1234
1 147 147 1234
1 148 148 1234
1 149 149 1234
1 150 150 1234
1 151 151 1234
1 152 152 1234
1 153 153 1234
1 154 154 1234
1 155 155 1234
1 156 156 1234
1 157 157 1234
1 158 158 1234
1 159 159 1234
1 160 160 1234
1 161 161 1234
1 162 162 1234
1 163 163 1234
1 164 164 1234
1 165 165 1234
1 166 166 1234
1 167 167 1234
1 168 168 1234
1 169 169 1234
1 170 170 1234
1 171 171 1234
1 172 172 1234
1 173 173 1234
1 174 174 1234
1 175 175 1234
1 176 176 1234
1 177 177 1234
1 178 178 1234
1 179 179 1234
1 180 180 1234
1 181 181 1234
1 182 182 1234
1 183 183 1234
1 184 184 1234
1 185 185 1234
1 186 186 1234
1 187 187 1234
1 188 188 1234
1 189 189 1234
1 190 190 1234
1 191 191 1234
1 192 192 1234
1 193 193 1234
1 194 194 1234
1 195 195 1234
1 196 196 1234
1 197 197 1234
1 198 198 1234
1 199 199 1234
1 200 200 1234
1 201 201 1234
1 202 202 1234
1 203 203 1234
1 204 204 1234
1 205 205 1234
1 206 206 1234
1 207 207 1234
1 208 208 1234
1 209 209 1234
1 210 210 1234
1 211 211 1234
1 212 212 1234
1 213 213 1234
1 214 214 1234
1 215 215 1234
1 216 216 1234
1 217 217 1234
1 218 218 1234
1 219 219 1234
1 220 220 1234
1 221 221 1234
1 222 222 1234
1 223 223 1234
1 224 224 1234
1 225 225 1234
1 226 226 1234
1 227 227 1234
1 228 228 1234
1 229 229 1234
1 230 230 1234
1 231 231 1234
1 232 232 1234
1 233 233 1234
1 234 234 1234
1 235 235 1234
1 236 236 1234
1 237 237 1234
1 238 238 1234
1 239 239 1234
1 240 240 1234
1 241 241 1234
1 242 242 1234
1 243 243 1234
1 244 244 1234
1 245 245 1234
1 246 246 1234
1 247 247 1234
1 248 248 1234
1 249 249 1234
1 250 250 1234
1 251 251 1234
1 252 252 1234
1 253 253 1234
1 254 254 1234
1 255 255 1234
1 256 256 1234
1 257 257 1234
1 258 258 1234
1 259 259 1234
1 260 260 1234
1 261 261 1234
1 262 262 1234
1 263 263 1234
1 264 264 1234
1 265 265 1234
1 266 266 1234
1 267 267 1234
1 268 268 1234
1 269 269 1234
1 270 270 1234
1 271 271 1234
1 272 272 1234
1 273 273 1234
1 274 274 1234
1 275 275 1234
1 276 276 1234
1 277 277 1234
1 278 278 1234
1 279 279 1234
1 280 280 1234
1 281 281 1234
1 282 282 1234
1 283 283 1234
1 284 284 1234
1 285 285 1234
1 286 286 1234
1 287 287 1234
1 288 288 1234
1 289 289 1234
1 290 290 1234
1 291 291 1234
1 292 292 1234
1 293 293 1234
1 294 294 1234
1 295 295 1234
1 296 296 1234
1 297 297 1234
1 298 298 1234
1 299 299 1234
1 300 300 1234
1 301 301 1234
1 302 302 1234
1 303 303 1234
1 304 304 1234
1 305 305 1234
1 306 306 1234
1 307 307 1234
1 308 308 1234
1 309 309 1234
1 310 310 1234
1 311 311 1234
1 312 312 1234
1 313 313 1234
1 314 314 1234
1 315 315 1234
1 316 316 1234
1 317 317 1234
1 318 318 1234
1 319 319 1234
1 320 320 1234
1 321 321 1234
1 322 322 1234
1 323 323 1234
1 324 324 1234
1 325 325 1234
1 326 326 1234
1 327 327 1234
1 328 328 1234
1 329 329 1234
1 330 330 1234
1 331 331 1234
1 332 332 1234
1 333 333 1234
1 334 334 1234
1 335 335 1234
1 336 336 1234
1 337 337 1234
1 338 338 1234
1 339 339 1234
1 340 340 1234
1 341 341 1234
1 342 342 1234
1 343 343 1234
1 344 344 1234
1 345 345 1234
1 346 346 1234
1 347 347 1234
1 348 348 1234
1 349 349 1234
1 350 350 1234
1 351 351 1234
1 352 352 1234
1 353 353 1234
1 354 354 1234
1 355 355 1234
1 356 356 1234
1 357 357 1234
1 358 358 1234
1 359 359 1234
1 360 360 1234
1 361 361 1234
1 362 362 1234
1 363 363 1234
1 364 364 1234
1 365 365 1234
1 366 366 1234
1 367 367 1234
1 368 368 1234
1 369 369 1234
1 370 370 1234
1 371 371 1234
1 372 372 1234
1 373 373 1234
1 374 374 1234
1 375 375 1234
1 376 376 1234
1 377 377 1234
1 378 378 1234
1 379 379 1234
1 380 380 1234
1 381 381 1234
1 382 382 1234
1 383 383 1234
1 384 384 1234
1 385 385 1234
1 386 386 1234
1 387 387 1234
1 388 388 1234
1 389 389 1234
1 390 390 1234
1 391 391 1234
1 392 392 1234
1 393 393 1234
1 394 394 1234
1 395 395 1234
1 396 396 1234
1 397 397 1234
1 398 398 1234
1 399 399 1234
1 400 400 1234
1 401 401 1234
1 402 402 1234
1 403 403 1234
1 404 404 1234
1 405 405 1234
1 406 406 1234
1 407 407 1234
1 408 408 1234
54 0 3435973836 0
1 409 409 1234
1 410 410 1234
54 0 3435973836 0
1 411 411 1234
1 412 412 1234
54 0 3435973836 0
1 413 413 1234
1 414 414 1234
1 415 415 1234
1 416 416 1234
1 417 417 1234
1 418 418 1234
1 419 419 1234
1 420 420 1234
1 421 421 1234
1 422 422 1234
1 423 423 1234
1 424 424 1234
1 425 425 1234
1 426 426 1234
1 427 427 1234
1 428 428 1234
1 429 429 1234
1 430 430 1234
1 431 431 1234
1 432 432 1234
1 433 433 1234
1 434 434 1234
1 435 435 1234
1 436 436 1234
1 437 437 1234
1 438 438 1234
1 439 439 1234
1 440 440 1234
1 441 441 1234
1 442 442 1234
1 443 443 1234
1 444 444 1234
1 445 445 1234
1 446 446 1234
1 447 447 1234
1 448 448 1234
1 449 449 1234
1 450 450 1234
1 451 451 1234
1 452 452 1234
1 453 453 1234
1 454 454 1234
1 455 455 1234
1 456 456 1234
1 457 457 1234
1 458 458 1234
1 459 459 1234
1 460 460 1234
1 461 461 1234
1 462 462 1234
1 463 463 1234
1 464 464 1234
1 465 465 1234
1 466 466 1234
1 467 467 1234
1 468 468 1234
1 469 469 1234
1 470 470 1234
1 471 471 1234
1 472 472 1234
1 473 473 1234
1 474 474 1234
1 475 475 1234
1 476 476 1234
1 477 477 1234
1 478 478 1234
1 479 479 1234
1 480 480 1234
1 481 481 1234
1 482 482 1234
1 483 483 1234
1 484 484 1234
1 485 485 1234
1 486 486 1234
1 487 487 1234
1 488 488 1234
1 489 489 1234
1 490 490 1234
1 491 491 1234
1 492 492 1234
1 493 493 1234
1 494 494 1234
1 495 495 1234
1 496 496 1234
1 497 497 1234
1 498 498 1234
1 499 499 1234
1 500 500 1234
1 501 501 1234
1 502 502 1234
1 503 503 1234
1 504 504 1234
1 505 505 1234
1 506 506 1234
1 507 507 1234
1 508 508 1234
1 509 509 1234
1 510 510 1234
1 511 511 1234
1 512 512 1234
1 513 513 1234
1 514 514 1234
1 515 515 1234
1 516 516 1234
1 517 517 1234
1 518 518 1234
1 519 519 1234
1 520 520 1234
1 521 521 1234
1 522 522 1234
1 523 523 1234
1 524 524 1234
1 525 525 1234
1 526 526 1234
1 527 527 1234
1 528 528 1234
1 529 529 1234
1 530 530 1234
1 531 531 1234
1 532 532 1234
1 533 533 1234
1 534 534 1234
1 535 535 1234
1 536 536 1234
1 537 537 1234
1 538 538 1234
1 539 539 1234
1 540 540 1234
1 541 541 1234
1 542 542 1234
1 543 543 1234
1 544 544 1234
1 545 545 1234
1 546 546 1234
1 547 547 1234
1 548 548 1234
1 549 549 1234
1 549 549 1234
51 0 10915552 0
54 0 10915552 0
54 0 10915552 0
54 0 10915552 0
54 0 3435973836 0
54 0 3435973836 0
54 0 3435973836 0
54 0 3435973836 0
54 0 3435973836 0
54 0 3435973836 0
51 0 75 0
54 0 75 0
54 0 75 0
54 0 75 0
51 0 75 0
54 0 3435973836 0
54 0 3435973836 0
54 0 3435973836 0
54 0 3435973836 0
54 0 3435973836 0
54 0 3435973836 0
51 0 7377512 0
54 0 7377512 0
54 0 7377512 0
54 0 7377512 0
54 0 3435973836 0
54 0 3435973836 0
54 0 3435973836 0
54 0 3435973836 0
54 0 3435973836 0
54 0 3435973836 0
54 0 3435973836 0
54 0 3435973836 0
54 0 3435973836 0
54 0 3435973836 0
54 0 3435973836 0
54 0 3435973836 0
54 0 2134240 0
54 0 2134240 0
54 0 2134240 0
51 0 2134240 0
51 0 2201232 0
54 0 2201232 0
54 0 2201232 0
54 0 2201232 0
54 0 3435973836 0
54 0 3435973836 0
54 0 3435973836 0
54 0 3435973836 0
54 0 3435973836 0
54 0 3435973836 0
54 0 3435973836 0
54 0 3435973836 0
54 0 3435973836 0
51 0 9539968 0
54 0 9539968 0
54 0 9539968 0
54 0 9539968 0
54 0 3435973836 0
54 0 3435973836 0
54 0 3435973836 0
54 0 9016872 0
51 0 9016872 0
54 0 9016872 0
54 0 9016872 0
54 0 3435973836 0
54 0 3435973836 0
54 0 3435973836 0
54 0 3435973836 0
54 0 3435973836 0
54 0 3435973836 0
54 0 3435973836 0
54 0 3435973836 0
54 0 3435973836 0
54 0 3435973836 0
54 0 3435973836 0
54 0 3435973836 0
54 0 3435973836 0
54 0 3435973836 0
54 0 3435973836 0
54 0 3435973836 0
54 0 3435973836 0
54 0 3435973836 0
54 0 3435973836 0
54 0 3435973836 0
54 0 3435973836 0
54 0 3435973836 0
54 0 3435973836 0
54 0 3435973836 0
54 0 3435973836 0
54 0 3435973836 0
54 0 3435973836 0
51 0 15506128 0
54 0 15506128 0
54 0 15506128 0
54 0 15506128 0
54 0 3435973836 0
54 0 3435973836 0
54 0 3435973836 0
54 0 3435973836 0
54 0 3435973836 0
54 0 3435973836 0
54 0 3435973836 0
54 0 3435973836 0
54 0 3435973836 0
54 0 3435973836 0
54 0 3435973836 0
54 0 3435973836 0
54 0 3435973836 0
54 0 3435973836 0
54 0 3435973836 0
1 1 1 1234
51 0 11505848 0
1 2 2 1234
1 3 3 1234
1 4 4 1234
1 5 5 1234
1 6 6 1234
54 0 11505848 0
1 7 7 1234
1 8 8 1234
54 0 11505848 0
54 0 11505848 0
1 9 9 1234
1 10 10 1234
1 11 11 1234
1 12 12 1234
1 13 13 1234
1 14 14 1234
1 15 15 1234
1 16 16 1234
1 17 17 1234
1 18 18 1234
1 19 19 1234
1 20 20 1234
1 21 21 1234
1 22 22 1234
1 23 23 1234
1 24 24 1234
1 25 25 1234
1 26 26 1234
1 27 27 1234
1 28 28 1234
1 29 29 1234
1 30 30 1234
1 31 31 1234
1 32 32 1234
1 33 33 1234
1 34 34 1234
1 35 35 1234
1 36 36 1234
1 37 37 1234
1 38 38 1234
1 39 39 1234
1 40 40 1234
1 41 41 1234
1 42 42 1234
1 43 43 1234
1 44 44 1234
1 45 45 1234
1 46 46 1234
1 47 47 1234
1 48 48 1234
1 49 49 1234
1 50 50 1234
1 51 51 1234
1 52 52 1234
1 53 53 1234
1 54 54 1234
1 55 55 1234
1 56 56 1234
1 57 57 1234
1 58 58 1234
1 59 59 1234
1 60 60 1234
1 61 61 1234
1 62 62 1234
1 63 63 1234
1 64 64 1234
1 65 65 1234
1 66 66 1234
1 67 67 1234
1 68 68 1234
1 69 69 1234
1 70 70 1234
1 71 71 1234
1 72 72 1234
1 73 73 1234
1 74 74 1234
1 75 75 1234
1 76 76 1234
1 77 77 1234
1 78 78 1234
1 79 79 1234
1 80 80 1234
1 81 81 1234
1 82 82 1234
1 83 83 1234
1 84 84 1234
1 85 85 1234
1 86 86 1234
1 87 87 1234
1 88 88 1234
1 89 89 1234
1 90 90 1234
1 91 91 1234
1 92 92 1234
1 93 93 1234
1 94 94 1234
1 95 95 1234
1 96 96 1234
1 97 97 1234
1 98 98 1234
1 99 99 1234
1 100 100 1234
1 101 101 1234
1 102 102 1234
1 103 103 1234
1 104 104 1234
1 105 105 1234
1 106 106 1234
1 107 107 1234
1 108 108 1234
1 109 109 1234
1 110 110 1234
1 111 111 1234
1 112 112 1234
1 113 113 1234
1 114 114 1234
1 115 115 1234
1 116 116 1234
1 117 117 1234
1 118 118 1234
1 119 119 1234
1 120 120 1234
1 121 121 1234
1 122 122 1234
1 123 123 1234
1 124 124 1234
1 125 125 1234
1 126 126 1234
1 127 127 1234
1 128 128 1234
1 129 129 1234
1 130 130 1234
1 131 131 1234
1 132 132 1234
1 133 133 1234
1 134 134 1234
1 135 135 1234
1 136 136 1234
1 137 137 1234
1 138 138 1234
1 139 139 1234
1 140 140 1234
1 141 141 1234
1 142 142 1234
1 143 143 1234
1 144 144 1234
1 145 145 1234
1 146 146 1234
1 147 147 1234
1 148 148 1234
1 149 149 1234
1 150 150 1234
1 151 151 1234
1 152 152 1234
1 153 153 1234
1 154 154 1234
1 155 155 1234
1 156 156 1234
1 157 157 1234
1 158 158 1234
1 159 159 1234
1 160 160 1234
1 161 161 1234
1 162 162 1234
1 163 163 1234
1 164 164 1234
1 165 165 1234
1 166 166 1234
1 167 167 1234
1 168 168 1234
1 169 169 1234
1 170 170 1234
1 171 171 1234
1 172 172 1234
1 173 173 1234
1 174 174 1234
1 175 175 1234
1 176 176 1234
1 177 177 1234
1 178 178 1234
1 179 179 1234
1 180 180 1234
1 181 181 1234
1 182 182 1234
1 183 183 1234
1 184 184 1234
1 185 185 1234
1 186 186 1234
1 187 187 1234
1 188 188 1234
1 189 189 1234
1 190 190 1234
1 191 191 1234
1 192 192 1234
1 193 193 1234
1 194 194 1234
1 195 195 1234
1 196 196 1234
1 197 197 1234
1 198 198 1234
1 199 199 1234
1 200 200 1234
1 201 201 1234
1 202 202 1234
1 203 203 1234
1 204 204 1234
1 205 205 1234
1 206 206 1234
1 207 207 1234
1 208 208 1234
1 209 209 1234
1 210 210 1234
1 211 211 1234
1 212 212 1234
1 213 213 1234
1 214 214 1234
1 215 215 1234
1 216 216 1234
1 217 217 1234
1 218 218 1234
1 219 219 1234
1 220 220 1234
1 221 221 1234
1 222 222 1234
1 223 223 1234
1 224 224 1234
1 225 225 1234
1 226 226 1234
1 227 227 1234
1 228 228 1234
1 229 229 1234
1 230 230 1234
1 231 231 1234
1 232 232 1234
1 233 233 1234
1 234 234 1234
1 235 235 1234
1 236 236 1234
1 237 237 1234
1 238 238 1234
1 239 239 1234
1 240 240 1234
1 241 241 1234
1 242 242 1234
1 243 243 1234
1 244 244 1234
1 245 245 1234
1 246 246 1234
1 247 247 1234
1 248 248 1234
1 249 249 1234
1 250 250 1234
1 251 251 1234
1 252 252 1234
1 253 253 1234
1 254 254 1234
1 255 255 1234
1 256 256 1234
1 257 257 1234
1 258 258 1234
1 259 259 1234
1 260 260 1234
1 261 261 1234
1 262 262 1234
1 263 263 1234
1 264 264 1234
1 265 265 1234
1 266 266 1234
1 267 267 1234
1 268 268 1234
1 269 269 1234
1 270 270 1234
1 271 271 1234
1 272 272 1234
1 273 273 1234
1 274 274 1234
1 275 275 1234
1 276 276 1234
1 277 277 1234
1 278 278 1234
1 279 279 1234
1 280 280 1234
1 281 281 1234
1 282 282 1234
1 283 283 1234
1 284 284 1234
1 285 285 1234
1 286 286 1234
1 287 287 1234
1 288 288 1234
1 289 289 1234
1 290 290 1234
1 291 291 1234
1 292 292 1234
1 293 293 1234
1 294 294 1234
1 295 295 1234
1 296 296 1234
1 297 297 1234
1 298 298 1234
1 299 299 1234
1 300 300 1234
1 301 301 1234
1 302 302 1234
1 303 303 1234
1 304 304 1234
1 305 305 1234
1 306 306 1234
1 307 307 1234
1 308 308 1234
1 309 309 1234
1 310 310 1234
1 311 311 1234
1 312 312 1234
1 313 313 1234
1 314 314 1234
1 315 315 1234
1 316 316 1234
1 317 317 1234
1 318 318 1234
1 319 319 1234
1 320 320 1234
1 321 321 1234
1 322 322 1234
1 323 323 1234
1 324 324 1234
1 325 325 1234
1 326 326 1234
1 327 327 1234
1 328 328 1234
1 329 329 1234
1 330 330 1234
1 331 331 1234
1 332 332 1234
1 333 333 1234
1 334 334 1234
1 335 335 1234
1 336 336 1234
1 337 337 1234
1 338 338 1234
1 339 339 1234
1 340 340 1234
1 341 341 1234
1 342 342 1234
1 343 343 1234
1 344 344 1234
1 345 345 1234
1 346 346 1234
1 347 347 1234
1 348 348 1234
1 349 349 1234
1 350 350 1234
1 351 351 1234
1 352 352 1234
1 353 353 1234
1 354 354 1234
1 355 355 1234
1 356 356 1234
1 357 357 1234
1 358 358 1234
1 359 359 1234
1 360 360 1234
1 361 361 1234
1 362 362 1234
1 363 363 1234
1 364 364 1234
1 365 365 1234
1 366 366 1234
1 367 367 1234
1 368 368 1234
1 369 369 1234
1 370 370 1234
1 371 371 1234
1 372 372 1234
1 373 373 1234
1 374 374 1234
1 375 375 1234
1 376 376 1234
1 377 377 1234
1 378 378 1234
1 379 379 1234
1 380 380 1234
1 381 381 1234
1 382 382 1234
1 383 383 1234
1 384 384 1234
1 385 385 1234
1 386 386 1234
1 387 387 1234
1 388 388 1234
1 389 389 1234
1 390 390 1234
1 391 391 1234
1 392 392 1234
1 393 393 1234
1 394 394 1234
1 395 395 1234
1 396 396 1234
1 397 397 1234
1 398 398 1234
1 399 399 1234
1 400 400 1234
1 401 401 1234
1 402 402 1234
1 403 403 1234
1 404 404 1234
1 405 405 1234
1 406 406 1234
1 407 407 1234
1 408 408 1234
1 409 409 1234
1 410 410 1234
1 411 411 1234
1 412 412 1234
1 413 413 1234
1 414 414 1234
1 415 415 1234
1 416 416 1234
1 417 417 1234
1 418 418 1234
1 419 419 1234
1 420 420 1234
1 421 421 1234
1 422 422 1234
1 423 423 1234
1 424 424 1234
1 425 425 1234
1 426 426 1234
1 427 427 1234
1 428 428 1234
1 429 429 1234
1 430 430 1234
1 431 431 1234
1 432 432 1234
1 433 433 1234
1 434 434 1234
1 435 435 1234
1 436 436 1234
1 437 437 1234
1 438 438 1234
1 439 439 1234
1 440 440 1234
1 441 441 1234
1 442 442 1234
1 443 443 1234
1 444 444 1234
1 445 445 1234
1 446 446 1234
1 447 447 1234
1 448 448 1234
1 449 449 1234
1 450 450 1234
1 451 451 1234
1 452 452 1234
1 453 453 1234
1 454 454 1234
1 455 455 1234
1 456 456 1234
1 457 457 1234
1 458 458 1234
1 459 459 1234
1 460 460 1234
1 461 461 1234
1 462 462 1234
1 463 463 1234
1 464 464 1234
1 465 465 1234
1 466 466 1234
1 467 467 1234
1 468 468 1234
1 469 469 1234
1 470 470 1234
1 471 471 1234
1 472 472 1234
1 473 473 1234
1 474 474 1234
1 475 475 1234
1 476 476 1234
1 477 477 1234
1 478 478 1234
1 479 479 1234
1 480 480 1234
1 481 481 1234
1 482 482 1234
1 483 483 1234
1 484 484 1234
1 485 485 1234
1 486 486 1234
1 487 487 1234
1 488 488 1234
1 489 489 1234
1 490 490 1234
1 491 491 1234
1 492 492 1234
1 493 493 1234
1 494 494 1234
1 495 495 1234
1 496 496 1234
1 497 497 1234
1 498 498 1234
1 499 499 1234
1 500 500 1234
1 501 501 1234
1 502 502 1234
1 503 503 1234
1 504 504 1234
1 505 505 1234
1 506 506 1234
1 507 507 1234
1 508 508 1234
1 509 509 1234
1 510 510 1234
1 511 511 1234
1 512 512 1234
1 513 513 1234
1 514 514 1234
1 515 515 1234
1 516 516 1234
1 517 517 1234
1 518 518 1234
1 519 519 1234
1 520 520 1234
1 521 521 1234
1 522 522 1234
1 523 523 1234
1 524 524 1234
1 525 525 1234
1 526 526 1234
1 527 527 1234
1 528 528 1234
1 529 529 1234
54 0 3435973836 0
54 0 3435973836 0
54 0 3435973836 0
1 1 1 1234
51 0 75 0
1 2 2 1234
51 0 75 0
1 3 3 1234
54 0 75 0
54 0 75 0
1 4 4 1234
1 5 5 1234
54 0 75 0
1 6 6 1234
1 7 7 1234
1 8 8 1234
1 9 9 1234
1 10 10 1234
1 11 11 1234
1 12 12 1234
1 13 13 1234
1 14 14 1234
1 15 15 1234
1 16 16 1234
1 17 17 1234
1 18 18 1234
1 19 19 1234
1 20 20 1234
1 21 21 1234
1 22 22 1234
1 23 23 1234
1 24 24 1234
1 25 25 1234
1 26 26 1234
1 27 27 1234
1 28 28 1234
1 29 29 1234
1 30 30 1234
1 31 31 1234
1 32 32 1234
1 33 33 1234
1 34 34 1234
1 35 35 1234
1 36 36 1234
1 37 37 1234
1 38 38 1234
1 39 39 1234
1 40 40 1234
1 41 41 1234
1 42 42 1234
1 43 43 1234
1 44 44 1234
1 45 45 1234
1 46 46 1234
1 47 47 1234
1 48 48 1234
1 49 49 1234
1 50 50 1234
1 51 51 1234
1 52 52 1234
1 53 53 1234
1 54 54 1234
1 55 55 1234
1 56 56 1234
1 57 57 1234
1 58 58 1234
1 59 59 1234
1 60 60 1234
1 61 61 1234
1 62 62 1234
1 63 63 1234
1 64 64 1234
1 65 65 1234
1 66 66 1234
1 67 67 1234
1 68 68 1234
1 69 69 1234
1 70 70 1234
1 71 71 1234
1 72 72 1234
1 73 73 1234
1 74 74 1234
1 75 75 1234
1 76 76 1234
1 77 77 1234
1 78 78 1234
1 79 79 1234
1 80 80 1234
1 81 81 1234
1 82 82 1234
1 83 83 1234
1 84 84 1234
1 85 85 1234
1 86 86 1234
1 87 87 1234
1 88 88 1234
1 89 89 1234
1 90 90 1234
1 91 91 1234
1 92 92 1234
1 93 93 1234
1 94 94 1234
1 95 95 1234
1 96 96 1234
1 97 97 1234
1 98 98 1234
1 99 99 1234
1 100 100 1234
1 101 101 1234
1 102 102 1234
1 103 103 1234
1 104 104 1234
1 105 105 1234
1 106 106 1234
1 107 107 1234
1 108 108 1234
1 109 109 1234
1 110 110 1234
1 111 111 1234
1 112 112 1234
1 113 113 1234
1 114 114 1234
1 115 115 1234
1 116 116 1234
1 117 117 1234
1 118 118 1234
1 119 119 1234
1 120 120 1234
1 121 121 1234
1 122 122 1234
1 123 123 1234
1 124 124 1234
1 125 125 1234
1 126 126 1234
1 127 127 1234
1 128 128 1234
1 129 129 1234
1 130 130 1234
1 131 131 1234
1 132 132 1234
1 133 133 1234
1 134 134 1234
1 135 135 1234
1 136 136 1234
1 137 137 1234
1 138 138 1234
1 139 139 1234
1 140 140 1234
1 141 141 1234
1 142 142 1234
1 143 143 1234
1 144 144 1234
1 145 145 1234
1 146 146 1234
1 147 147 1234
1 148 148 1234
1 149 149 1234
1 150 150 1234
1 151 151 1234
1 152 152 1234
1 153 153 1234
1 154 154 1234
1 155 155 1234
1 156 156 1234
1 157 157 1234
1 158 158 1234
1 159 159 1234
1 160 160 1234
1 161 161 1234
1 162 162 1234
1 163 163 1234
1 164 164 1234
1 165 165 1234
1 166 166 1234
1 167 167 1234
1 168 168 1234
1 169 169 1234
1 170 170 1234
1 171 171 1234
1 172 172 1234
1 173 173 1234
1 174 174 1234
1 175 175 1234
1 176 176 1234
1 177 177 1234
1 178 178 1234
1 179 179 1234
1 180 180 1234
1 181 181 1234
1 182 182 1234
1 183 183 1234
1 184 184 1234
1 185 185 1234
1 186 186 1234
1 187 187 1234
1 188 188 1234
1 189 189 1234
1 190 190 1234
1 191 191 1234
1 192 192 1234
1 193 193 1234
1 194 194 1234
1 195 195 1234
1 196 196 1234
1 197 197 1234
1 198 198 1234
1 199 199 1234
1 200 200 1234
1 201 201 1234
1 202 202 1234
1 203 203 1234
1 204 204 1234
1 205 205 1234
1 206 206 1234
1 207 207 1234
1 208 208 1234
1 209 209 1234
1 210 210 1234
1 211 211 1234
1 212 212 1234
1 213 213 1234
1 214 214 1234
1 215 215 1234
1 216 216 1234
1 217 217 1234
1 218 218 1234
1 219 219 1234
1 220 220 1234
1 221 221 1234
1 222 222 1234
1 223 223 1234
1 224 224 1234
1 225 225 1234
1 226 226 1234
1 227 227 1234
1 228 228 1234
1 229 229 1234
1 230 230 1234
1 231 231 1234
1 232 232 1234
1 233 233 1234
1 234 234 1234
1 235 235 1234
1 236 236 1234
1 237 237 1234
1 238 238 1234
1 239 239 1234
1 240 240 1234
1 241 241 1234
1 242 242 1234
1 243 243 1234
1 244 244 1234
1 245 245 1234
1 246 246 1234
1 247 247 1234
1 248 248 1234
1 249 249 1234
1 250 250 1234
1 251 251 1234
1 252 252 1234
1 253 253 1234
1 254 254 1234
1 255 255 1234
1 256 256 1234
1 257 257 1234
1 258 258 1234
1 259 259 1234
1 260 260 1234
1 261 261 1234
1 262 262 1234
1 263 263 1234
1 264 264 1234
1 265 265 1234
1 266 266 1234
1 267 267 1234
1 268 268 1234
1 269 269 1234
1 270 270 1234
1 271 271 1234
1 272 272 1234
1 273 273 1234
1 274 274 1234
1 275 275 1234
1 276 276 1234
1 277 277 1234
1 278 278 1234
1 279 279 1234
1 280 280 1234
1 281 281 1234
1 282 282 1234
1 283 283 1234
1 284 284 1234
1 285 285 1234
1 286 286 1234
1 287 287 1234
1 288 288 1234
1 289 289 1234
1 290 290 1234
1 291 291 1234
1 292 292 1234
1 293 293 1234
1 294 294 1234
1 295 295 1234
1 296 296 1234
1 297 297 1234
1 298 298 1234
1 299 299 1234
1 300 300 1234
1 301 301 1234
1 302 302 1234
1 303 303 1234
1 304 304 1234
1 305 305 1234
1 306 306 1234
1 307 307 1234
1 308 308 1234
1 309 309 1234
1 310 310 1234
1 311 311 1234
1 312 312 1234
1 313 313 1234
1 314 314 1234
1 315 315 1234
1 316 316 1234
1 317 317 1234
1 318 318 1234
1 319 319 1234
1 320 320 1234
1 321 321 1234
1 322 322 1234
1 323 323 1234
1 324 324 1234
1 325 325 1234
1 326 326 1234
1 327 327 1234
1 328 328 1234
1 329 329 1234
1 330 330 1234
1 331 331 1234
1 332 332 1234
1 333 333 1234
1 334 334 1234
1 335 335 1234
1 336 336 1234
1 337 337 1234
1 338 338 1234
1 339 339 1234
1 340 340 1234
1 341 341 1234
1 342 342 1234
1 343 343 1234
1 344 344 1234
1 345 345 1234
1 346 346 1234
1 347 347 1234
1 348 348 1234
1 349 349 1234
1 350 350 1234
1 351 351 1234
1 352 352 1234
1 353 353 1234
1 354 354 1234
1 355 355 1234
1 356 356 1234
1 357 357 1234
1 358 358 1234
1 359 359 1234
1 360 360 1234
1 361 361 1234
1 362 362 1234
1 363 363 1234
1 364 364 1234
1 365 365 1234
1 366 366 1234
1 367 367 1234
1 368 368 1234
1 369 369 1234
1 370 370 1234
1 371 371 1234
1 372 372 1234
1 373 373 1234
1 374 374 1234
1 375 375 1234
1 376 376 1234
1 377 377 1234
1 378 378 1234
1 379 379 1234
1 380 380 1234
1 381 381 1234
1 382 382 1234
1 383 383 1234
1 384 384 1234
1 385 385 1234
1 386 386 1234
1 387 387 1234
1 388 388 1234
1 389 389 1234
1 390 390 1234
1 391 391 1234
1 392 392 1234
1 393 393 1234
1 394 394 1234
1 395 395 1234
1 396 396 1234
1 397 397 1234
1 398 398 1234
1 399 399 1234
1 400 400 1234
1 401 401 1234
1 402 402 1234
1 403 403 1234
1 404 404 1234
1 405 405 1234
1 406 406 1234
1 407 407 1234
1 408 408 1234
1 409 409 1234
1 410 410 1234
1 411 411 1234
1 412 412 1234
1 413 413 1234
1 414 414 1234
1 415 415 1234
1 416 416 1234
1 417 417 1234
1 418 418 1234
1 419 419 1234
1 420 420 1234
1 421 421 1234
1 422 422 1234
1 423 423 1234
1 424 424 1234
1 425 425 1234
1 426 426 1234
1 427 427 1234
1 428 428 1234
1 429 429 1234
1 430 430 1234
1 431 431 1234
1 432 432 1234
1 433 433 1234
1 434 434 1234
1 435 435 1234
1 436 436 1234
1 437 437 1234
1 438 438 1234
1 439 439 1234
1 440 440 1234
1 441 441 1234
1 442 442 1234
1 443 443 1234
1 444 444 1234
1 445 445 1234
1 446 446 1234
1 447 447 1234
1 448 448 1234
1 449 449 1234
1 450 450 1234
1 451 451 1234
1 452 452 1234
1 453 453 1234
1 454 454 1234
1 455 455 1234
1 456 456 1234
1 457 457 1234
1 458 458 1234
1 459 459 1234
1 460 460 1234
1 461 461 1234
1 462 462 1234
1 463 463 1234
1 464 464 1234
1 465 465 1234
1 466 466 1234
1 467 467 1234
1 468 468 1234
1 469 469 1234
1 470 470 1234
1 471 471 1234
1 472 472 1234
1 473 473 1234
1 474 474 1234
1 475 475 1234
1 476 476 1234
1 477 477 1234
1 478 478 1234
1 479 479 1234
1 480 480 1234
1 481 481 1234
1 482 482 1234
1 483 483 1234
1 484 484 1234
1 485 485 1234
1 486 486 1234
1 487 487 1234
1 488 488 1234
1 489 489 1234
1 490 490 1234
1 491 491 1234
1 492 492 1234
1 493 493 1234
1 494 494 1234
1 495 495 1234
1 496 496 1234
1 497 497 1234
1 498 498 1234
1 499 499 1234
1 500 500 1234
1 501 501 1234
1 502 502 1234
1 503 503 1234
1 504 504 1234
1 505 505 1234
1 506 506 1234
1 507 507 1234
1 508 508 1234
1 509 509 1234
1 510 510 1234
1 511 511 1234
1 512 512 1234
1 513 513 1234
1 514 514 1234
1 515 515 1234
1 516 516 1234
1 517 517 1234
1 518 518 1234
1 519 519 1234
1 520 520 1234
1 521 521 1234
1 522 522 1234
1 523 523 1234
1 524 524 1234
1 525 525 1234
1 526 526 1234
1 527 527 1234
1 528 528 1234
1 529 529 1234
54 0 3435973836 0
54 0 3435973836 0
54 0 3435973836 0
1 1 1 1234
1 2 2 1234
1 3 3 1234
1 4 4 1234
1 5 5 1234
1 6 6 1234
1 7 7 1234
1 8 8 1234
1 9 9 1234
51 0 75 0
51 0 75 0
1 10 10 1234
54 0 75 0
1 11 11 1234
54 0 75 0
54 0 75 0
1 12 12 1234
1 13 13 1234
1 14 14 1234
1 15 15 1234
1 16 16 1234
1 17 17 1234
1 18 18 1234
1 19 19 1234
1 20 20 1234
1 21 21 1234
1 22 22 1234
1 23 23 1234
1 24 24 1234
1 25 25 1234
1 26 26 1234
1 27 27 1234
1 28 28 1234
1 29 29 1234
1 30 30 1234
1 31 31 1234
1 32 32 1234
1 33 33 1234
1 34 34 1234
1 35 35 1234
1 36 36 1234
1 37 37 1234
1 38 38 1234
1 39 39 1234
1 40 40 1234
1 41 41 1234
1 42 42 1234
1 43 43 1234
1 44 44 1234
1 45 45 1234
1 46 46 1234
1 47 47 1234
1 48 48 1234
1 49 49 1234
1 50 50 1234
1 51 51 1234
1 52 52 1234
1 53 53 1234
1 54 54 1234
1 55 55 1234
1 56 56 1234
1 57 57 1234
1 58 58 1234
1 59 59 1234
1 60 60 1234
1 61 61 1234
1 62 62 1234
1 63 63 1234
1 64 64 1234
1 65 65 1234
1 66 66 1234
1 67 67 1234
1 68 68 1234
1 69 69 1234
1 70 70 1234
1 71 71 1234
1 72 72 1234
1 73 73 1234
1 74 74 1234
1 75 75 1234
1 76 76 1234
1 77 77 1234
1 78 78 1234
1 79 79 1234
1 80 80 1234
1 81 81 1234
1 82 82 1234
1 83 83 1234
1 84 84 1234
1 85 85 1234
1 86 86 1234
1 87 87 1234
1 88 88 1234
1 89 89 1234
1 90 90 1234
1 91 91 1234
1 92 92 1234
1 93 93 1234
1 94 94 1234
1 95 95 1234
1 96 96 1234
1 97 97 1234
1 98 98 1234
1 99 99 1234
1 100 100 1234
1 101 101 1234
1 102 102 1234
1 103 103 1234
1 104 104 1234
1 105 105 1234
1 106 106 1234
1 107 107 1234
1 108 108 1234
1 109 109 1234
1 110 110 1234
1 111 111 1234
1 112 112 1234
1 113 113 1234
1 114 114 1234
1 115 115 1234
1 116 116 1234
1 117 117 1234
1 118 118 1234
1 119 119 1234
1 120 120 1234
1 121 121 1234
1 122 122 1234
1 123 123 1234
1 124 124 1234
1 125 125 1234
1 126 126 1234
1 127 127 1234
1 128 128 1234
1 129 129 1234
1 130 130 1234
1 131 131 1234
1 132 132 1234
1 133 133 1234
1 134 134 1234
1 135 135 1234
1 136 136 1234
1 137 137 1234
1 138 138 1234
1 139 139 1234
1 140 140 1234
1 141 141 1234
1 142 142 1234
1 143 143 1234
1 144 144 1234
1 145 145 1234
1 146 146 1234
1 147 147 1234
1 148 148 1234
1 149 149 1234
1 150 150 1234
1 151 151 1234
1 152 152 1234
1 153 153 1234
1 154 154 1234
1 155 155 1234
1 156 156 1234
1 157 157 1234
1 158 158 1234
1 159 159 1234
1 160 160 1234
1 161 161 1234
1 162 162 1234
1 163 163 1234
1 164 164 1234
1 165 165 1234
1 166 166 1234
1 167 167 1234
1 168 168 1234
1 169 169 1234
1 170 170 1234
1 171 171 1234
1 172 172 1234
1 173 173 1234
1 174 174 1234
1 175 175 1234
1 176 176 1234
1 177 177 1234
1 178 178 1234
1 179 179 1234
1 180 180 1234
1 181 181 1234
1 182 182 1234
1 183 183 1234
1 184 184 1234
1 185 185 1234
1 186 186 1234
1 187 187 1234
1 188 188 1234
1 189 189 1234
1 190 190 1234
1 191 191 1234
1 192 192 1234
1 193 193 1234
1 194 194 1234
1 195 195 1234
1 196 196 1234
1 197 197 1234
1 198 198 1234
1 199 199 1234
1 200 200 1234
1 201 201 1234
1 202 202 1234
1 203 203 1234
1 204 204 1234
1 205 205 1234
1 206 206 1234
1 207 207 1234
1 208 208 1234
1 209 209 1234
1 210 210 1234
1 211 211 1234
1 212 212 1234
1 213 213 1234
1 214 214 1234
1 215 215 1234
1 216 216 1234
1 217 217 1234
1 218 218 1234
1 219 219 1234
1 220 220 1234
1 221 221 1234
1 222 222 1234
1 223 223 1234
1 224 224 1234
1 225 225 1234
1 226 226 1234
1 227 227 1234
1 228 228 1234
1 229 229 1234
1 230 230 1234
1 231 231 1234
1 232 232 1234
1 233 233 1234
1 234 234 1234
1 235 235 1234
1 236 236 1234
1 237 237 1234
1 238 238 1234
1 239 239 1234
1 240 240 1234
1 241 241 1234
1 242 242 1234
1 243 243 1234
1 244 244 1234
1 245 245 1234
1 246 246 1234
1 247 247 1234
1 248 248 1234
1 249 249 1234
1 250 250 1234
1 251 251 1234
1 252 252 1234
1 253 253 1234
1 254 254 1234
1 255 255 1234
1 256 256 1234
1 257 257 1234
1 258 258 1234
1 259 259 1234
1 260 260 1234
1 261 261 1234
1 262 262 1234
1 263 263 1234
1 264 264 1234
1 265 265 1234
1 266 266 1234
1 267 267 1234
1 268 268 1234
1 269 269 1234
1 270 270 1234
1 271 271 1234
1 272 272 1234
1 273 273 1234
1 274 274 1234
1 275 275 1234
1 276 276 1234
1 277 277 1234
1 278 278 1234
1 279 279 1234
1 280 280 1234
1 281 281 1234
1 282 282 1234
1 283 283 1234
1 284 284 1234
1 285 285 1234
1 286 286 1234
1 287 287 1234
1 288 288 1234
1 289 289 1234
1 290 290 1234
1 291 291 1234
1 292 292 1234
1 293 293 1234
1 294 294 1234
1 295 295 1234
1 296 296 1234
1 297 297 1234
1 298 298 1234
1 299 299 1234
1 300 300 1234
1 301 301 1234
1 302 302 1234
1 303 303 1234
1 304 304 1234
1 305 305 1234
1 306 306 1234
1 307 307 1234
1 308 308 1234
1 309 309 1234
1 310 310 1234
1 311 311 1234
1 312 312 1234
1 313 313 1234
1 314 314 1234
1 315 315 1234
1 316 316 1234
1 317 317 1234
1 318 318 1234
1 319 319 1234
1 320 320 1234
1 321 321 1234
1 322 322 1234
1 323 323 1234
1 324 324 1234
1 325 325 1234
1 326 326 1234
1 327 327 1234
1 328 328 1234
1 329 329 1234
1 330 330 1234
1 331 331 1234
1 332 332 1234
1 333 333 1234
1 334 334 1234
1 335 335 1234
1 336 336 1234
1 337 337 1234
1 338 338 1234
1 339 339 1234
1 340 340 1234
1 341 341 1234
1 342 342 1234
1 343 343 1234
1 344 344 1234
1 345 345 1234
1 346 346 1234
1 347 347 1234
1 348 348 1234
1 349 349 1234
1 350 350 1234
1 351 351 1234
1 352 352 1234
1 353 353 1234
1 354 354 1234
1 355 355 1234
1 356 356 1234
1 357 357 1234
1 358 358 1234
1 359 359 1234
1 360 360 1234
1 361 361 1234
1 362 362 1234
1 363 363 1234
1 364 364 1234
1 365 365 1234
1 366 366 1234
1 367 367 1234
1 368 368 1234
1 369 369 1234
1 370 370 1234
1 371 371 1234
1 372 372 1234
1 373 373 1234
1 374 374 1234
1 375 375 1234
1 376 376 1234
1 377 377 1234
1 378 378 1234
1 379 379 1234
1 380 380 1234
1 381 381 1234
1 382 382 1234
1 383 383 1234
1 384 384 1234
1 385 385 1234
1 386 386 1234
1 387 387 1234
1 388 388 1234
1 389 389 1234
1 390 390 1234
1 391 391 1234
1 392 392 1234
1 393 393 1234
1 394 394 1234
1 395 395 1234
1 396 396 1234
1 397 397 1234
1 398 398 1234
1 399 399 1234
1 400 400 1234
1 401 401 1234
1 402 402 1234
1 403 403 1234
1 404 404 1234
1 405 405 1234
1 406 406 1234
1 407 407 1234
1 408 408 1234
1 409 409 1234
1 410 410 1234
1 411 411 1234
1 412 412 1234
1 413 413 1234
1 414 414 1234
1 415 415 1234
1 416 416 1234
1 417 417 1234
1 418 418 1234
1 419 419 1234
1 420 420 1234
1 421 421 1234
1 422 422 1234
1 423 423 1234
1 424 424 1234
1 425 425 1234
1 426 426 1234
1 427 427 1234
1 428 428 1234
1 429 429 1234
1 430 430 1234
1 431 431 1234
1 432 432 1234
1 433 433 1234
1 434 434 1234
1 435 435 1234
1 436 436 1234
1 437 437 1234
1 438 438 1234
1 439 439 1234
1 440 440 1234
1 441 441 1234
1 442 442 1234
1 443 443 1234
1 444 444 1234
1 445 445 1234
1 446 446 1234
1 447 447 1234
1 448 448 1234
1 449 449 1234
1 450 450 1234
1 451 451 1234
1 452 452 1234
1 453 453 1234
1 454 454 1234
1 455 455 1234
1 456 456 1234
1 457 457 1234
1 458 458 1234
1 459 459 1234
1 460 460 1234
1 461 461 1234
1 462 462 1234
1 463 463 1234
1 464 464 1234
1 465 465 1234
1 466 466 1234
1 467 467 1234
1 468 468 1234
1 469 469 1234
1 470 470 1234
1 471 471 1234
1 472 472 1234
1 473 473 1234
1 474 474 1234
1 475 475 1234
1 476 476 1234
1 477 477 1234
1 478 478 1234
1 479 479 1234
1 480 480 1234
1 481 481 1234
1 482 482 1234
1 483 483 1234
1 484 484 1234
1 485 485 1234
1 486 486 1234
1 487 487 1234
1 488 488 1234
1 489 489 1234
1 490 490 1234
1 491 491 1234
1 492 492 1234
1 493 493 1234
1 494 494 1234
1 495 495 1234
1 496 496 1234
1 497 497 1234
1 498 498 1234
1 499 499 1234
1 500 500 1234
1 501 501 1234
1 502 502 1234
1 503 503 1234
1 504 504 1234
1 505 505 1234
1 506 506 1234
1 507 507 1234
1 508 508 1234
1 509 509 1234
1 510 510 1234
1 511 511 1234
1 512 512 1234
1 513 513 1234
1 514 514 1234
1 515 515 1234
1 516 516 1234
1 517 517 1234
1 518 518 1234
1 519 519 1234
1 520 520 1234
1 521 521 1234
1 522 522 1234
1 523 523 1234
1 524 524 1234
1 525 525 1234
1 526 526 1234
1 527 527 1234
1 528 528 1234
1 529 529 1234
54 0 3435973836 0
54 0 3435973836 0
54 0 3435973836 0
54 0 3435973836 0
54 0 3435973836 0
54 0 3435973836 0
54 0 3435973836 0
54 0 3435973836 0
54 0 3435973836 0
54 0 3435973836 0
54 0 3435973836 0
54 0 3435973836 0
54 0 3435973836 0
54 0 3435973836 0
54 0 3435973836 0
54 0 3435973836 0
54 0 3435973836 0
54 0 3435973836 0
54 0 3435973836 0
54 0 3435973836 0
54 0 3435973836 0
54 0 3435973836 0
51 0 9343712 0
54 0 9343712 0
54 0 9343712 0
54 0 9343712 0
1 1 1 1234
1 2 2 1234
1 3 3 1234
1 4 4 1234
1 5 5 1234
1 6 6 1234
1 7 7 1234
1 8 8 1234
1 9 9 1234
1 10 10 1234
1 11 11 1234
1 12 12 1234
1 13 13 1234
1 14 14 1234
1 15 15 1234
1 16 16 1234
1 17 17 1234
1 18 18 1234
1 19 19 1234
1 20 20 1234
1 21 21 1234
1 22 22 1234
1 23 23 1234
1 24 24 1234
1 25 25 1234
1 26 26 1234
1 27 27 1234
1 28 28 1234
1 29 29 1234
1 30 30 1234
1 31 31 1234
1 32 32 1234
1 33 33 1234
1 34 34 1234
1 35 35 1234
1 36 36 1234
1 37 37 1234
1 38 38 1234
1 39 39 1234
1 40 40 1234
1 41 41 1234
1 42 42 1234
1 43 43 1234
1 44 44 1234
1 45 45 1234
1 46 46 1234
1 47 47 1234
1 48 48 1234
1 49 49 1234
1 50 50 1234
1 51 51 1234
1 52 52 1234
1 53 53 1234
1 54 54 1234
1 55 55 1234
1 56 56 1234
1 57 57 1234
1 58 58 1234
1 59 59 1234
1 60 60 1234
1 61 61 1234
1 62 62 1234
1 63 63 1234
1 64 64 1234
1 65 65 1234
1 66 66 1234
1 67 67 1234
1 68 68 1234
1 69 69 1234
1 70 70 1234
1 71 71 1234
1 72 72 1234
1 73 73 1234
1 74 74 1234
1 75 75 1234
1 76 76 1234
1 77 77 1234
1 78 78 1234
1 79 79 1234
1 80 80 1234
1 81 81 1234
1 82 82 1234
1 83 83 1234
1 84 84 1234
1 85 85 1234
1 86 86 1234
1 87 87 1234
1 88 88 1234
1 89 89 1234
1 90 90 1234
1 91 91 1234
1 92 92 1234
1 93 93 1234
1 94 94 1234
1 95 95 1234
1 96 96 1234
1 97 97 1234
1 98 98 1234
1 99 99 1234
1 100 100 1234
1 101 101 1234
1 102 102 1234
1 103 103 1234
1 104 104 1234
1 105 105 1234
1 106 106 1234
1 107 107 1234
1 108 108 1234
1 109 109 1234
54 0 3435973836 0
54 0 3435973836 0
54 0 3435973836 0
1 109 109 1234
1 110 110 1234
1 111 111 1234
1 112 112 1234
1 113 113 1234
1 114 114 1234
1 115 115 1234
1 116 116 1234
1 117 117 1234
1 118 118 1234
1 119 119 1234
1 120 120 1234
1 121 121 1234
1 122 122 1234
1 123 123 1234
1 124 124 1234
1 125 125 1234
1 126 126 1234
1 127 127 1234
1 128 128 1234
1 129 129 1234
1 130 130 1234
1 131 131 1234
1 132 132 1234
1 133 133 1234
1 134 134 1234
1 135 135 1234
1 136 136 1234
1 137 137 1234
1 138 138 1234
1 139 139 1234
1 140 140 1234
1 141 141 1234
1 142 142 1234
1 143 143 1234
1 144 144 1234
1 145 145 1234
1 146 146 1234
1 147 147 1234
1 148 148 1234
1 149 149 1234
1 150 150 1234
1 151 151 1234
1 152 152 1234
1 153 153 1234
1 154 154 1234
1 155 155 1234
1 156 156 1234
1 157 157 1234
1 158 158 1234
1 159 159 1234
1 160 160 1234
1 161 161 1234
1 162 162 1234
1 163 163 1234
1 164 164 1234
1 165 165 1234
1 166 166 1234
1 167 167 1234
1 168 168 1234
1 169 169 1234
1 170 170 1234
1 171 171 1234
1 172 172 1234
1 173 173 1234
1 174 174 1234
1 175 175 1234
1 176 176 1234
1 177 177 1234
1 178 178 1234
1 179 179 1234
1 180 180 1234
1 181 181 1234
1 182 182 1234
1 183 183 1234
1 184 184 1234
1 185 185 1234
1 186 186 1234
1 187 187 1234
1 188 188 1234
1 189 189 1234
1 190 190 1234
1 191 191 1234
1 192 192 1234
1 193 193 1234
1 194 194 1234
1 195 195 1234
1 196 196 1234
1 197 197 1234
1 198 198 1234
1 199 199 1234
1 200 200 1234
1 201 201 1234
1 202 202 1234
1 203 203 1234
1 204 204 1234
1 205 205 1234
1 206 206 1234
1 207 207 1234
1 208 208 1234
1 209 209 1234
1 210 210 1234
1 211 211 1234
1 212 212 1234
1 213 213 1234
1 214 214 1234
1 215 215 1234
1 216 216 1234
1 217 217 1234
1 218 218 1234
1 219 219 1234
1 220 220 1234
1 221 221 1234
1 222 222 1234
1 223 223 1234
1 224 224 1234
1 225 225 1234
1 226 226 1234
1 227 227 1234
1 228 228 1234
1 229 229 1234
1 230 230 1234
1 231 231 1234
1 232 232 1234
1 233 233 1234
1 234 234 1234
1 235 235 1234
1 236 236 1234
1 237 237 1234
1 238 238 1234
1 239 239 1234
1 240 240 1234
1 241 241 1234
1 242 242 1234
1 243 243 1234
1 244 244 1234
1 245 245 1234
1 246 246 1234
1 247 247 1234
1 248 248 1234
1 249 249 1234
1 250 250 1234
1 251 251 1234
1 252 252 1234
1 253 253 1234
1 254 254 1234
1 255 255 1234
1 256 256 1234
1 257 257 1234
1 258 258 1234
1 259 259 1234
1 260 260 1234
1 261 261 1234
1 262 262 1234
1 263 263 1234
1 264 264 1234
1 265 265 1234
1 266 266 1234
1 267 267 1234
1 268 268 1234
1 269 269 1234
1 270 270 1234
1 271 271 1234
1 272 272 1234
1 273 273 1234
1 274 274 1234
1 275 275 1234
1 276 276 1234
1 277 277 1234
1 278 278 1234
1 279 279 1234
1 280 280 1234
1 281 281 1234
1 282 282 1234
1 283 283 1234
1 284 284 1234
1 285 285 1234
1 286 286 1234
1 287 287 1234
1 288 288 1234
1 289 289 1234
1 290 290 1234
1 291 291 1234
1 292 292 1234
1 293 293 1234
1 294 294 1234
1 295 295 1234
1 296 296 1234
1 297 297 1234
1 298 298 1234
1 299 299 1234
1 300 300 1234
1 301 301 1234
1 302 302 1234
1 303 303 1234
1 304 304 1234
1 305 305 1234
1 306 306 1234
1 307 307 1234
1 308 308 1234
1 309 309 1234
1 310 310 1234
1 311 311 1234
1 312 312 1234
1 313 313 1234
1 314 314 1234
1 315 315 1234
1 316 316 1234
1 317 317 1234
1 318 318 1234
1 319 319 1234
1 320 320 1234
1 321 321 1234
1 322 322 1234
1 323 323 1234
1 324 324 1234
1 325 325 1234
1 326 326 1234
1 327 327 1234
1 328 328 1234
1 329 329 1234
1 330 330 1234
1 331 331 1234
1 332 332 1234
1 333 333 1234
1 334 334 1234
1 335 335 1234
1 336 336 1234
1 337 337 1234
1 338 338 1234
1 339 339 1234
1 340 340 1234
1 341 341 1234
1 342 342 1234
1 343 343 1234
1 344 344 1234
1 345 345 1234
1 346 346 1234
1 347 347 1234
1 348 348 1234
1 349 349 1234
1 350 350 1234
1 351 351 1234
1 352 352 1234
1 353 353 1234
1 354 354 1234
1 355 355 1234
1 356 356 1234
1 357 357 1234
1 358 358 1234
1 359 359 1234
1 360 360 1234
1 361 361 1234
1 362 362 1234
1 363 363 1234
1 364 364 1234
1 365 365 1234
1 366 366 1234
1 367 367 1234
1 368 368 1234
1 369 369 1234
1 370 370 1234
1 371 371 1234
1 372 372 1234
1 373 373 1234
1 374 374 1234
1 375 375 1234
1 376 376 1234
1 377 377 1234
1 378 378 1234
1 379 379 1234
1 380 380 1234
1 381 381 1234
1 382 382 1234
1 383 383 1234
1 384 384 1234
1 385 385 1234
1 386 386 1234
1 387 387 1234
1 388 388 1234
1 389 389 1234
1 390 390 1234
1 391 391 1234
1 392 392 1234
1 393 393 1234
1 394 394 1234
1 395 395 1234
1 396 396 1234
1 397 397 1234
1 398 398 1234
1 399 399 1234
1 400 400 1234
1 401 401 1234
1 402 402 1234
1 403 403 1234
1 404 404 1234
1 405 405 1234
1 406 406 1234
1 407 407 1234
1 408 408 1234
1 409 409 1234
1 410 410 1234
1 411 411 1234
1 412 412 1234
1 413 413 1234
1 414 414 1234
1 415 415 1234
1 416 416 1234
1 417 417 1234
1 418 418 1234
1 419 419 1234
1 420 420 1234
1 421 421 1234
1 422 422 1234
1 423 423 1234
1 424 424 1234
1 425 425 1234
1 426 426 1234
1 427 427 1234
1 428 428 1234
1 429 429 1234
1 430 430 1234
1 431 431 1234
1 432 432 1234
1 433 433 1234
1 434 434 1234
1 435 435 1234
1 436 436 1234
1 437 437 1234
1 438 438 1234
1 439 439 1234
1 440 440 1234
1 441 441 1234
1 442 442 1234
1 443 443 1234
1 444 444 1234
1 445 445 1234
1 446 446 1234
1 447 447 1234
1 448 448 1234
1 449 449 1234
1 450 450 1234
1 451 451 1234
1 452 452 1234
1 453 453 1234
1 454 454 1234
1 455 455 1234
1 456 456 1234
1 457 457 1234
1 458 458 1234
1 459 459 1234
1 460 460 1234
1 461 461 1234
1 462 462 1234
1 463 463 1234
1 464 464 1234
1 465 465 1234
1 466 466 1234
1 467 467 1234
1 468 468 1234
1 469 469 1234
1 470 470 1234
1 471 471 1234
1 472 472 1234
1 473 473 1234
1 474 474 1234
1 475 475 1234
1 476 476 1234
1 477 477 1234
1 478 478 1234
1 479 479 1234
1 480 480 1234
1 481 481 1234
1 482 482 1234
1 483 483 1234
1 484 484 1234
1 485 485 1234
1 486 486 1234
1 487 487 1234
1 488 488 1234
1 489 489 1234
1 490 490 1234
1 491 491 1234
1 492 492 1234
1 493 493 1234
1 494 494 1234
1 495 495 1234
1 496 496 1234
1 497 497 1234
1 498 498 1234
1 499 499 1234
1 500 500 1234
1 501 501 1234
1 502 502 1234
1 503 503 1234
1 504 504 1234
1 505 505 1234
1 506 506 1234
1 507 507 1234
1 508 508 1234
1 509 509 1234
1 510 510 1234
1 511 511 1234
1 512 512 1234
1 513 513 1234
1 514 514 1234
1 515 515 1234
1 516 516 1234
1 517 517 1234
1 518 518 1234
1 519 519 1234
1 520 520 1234
1 521 521 1234
1 522 522 1234
1 523 523 1234
1 524 524 1234
1 525 525 1234
1 526 526 1234
1 527 527 1234
1 528 528 1234
1 529 529 1234
51 0 75 0
51 0 75 0
54 0 75 0
54 0 75 0
54 0 75 0
1 1 1 1234
1 2 2 1234
1 3 3 1234
1 4 4 1234
1 5 5 1234
1 6 6 1234
1 7 7 1234
1 8 8 1234
1 9 9 1234
1 10 10 1234
1 11 11 1234
1 12 12 1234
1 13 13 1234
1 14 14 1234
1 15 15 1234
1 16 16 1234
1 17 17 1234
1 18 18 1234
1 19 19 1234
1 20 20 1234
1 21 21 1234
1 22 22 1234
1 23 23 1234
1 24 24 1234
1 25 25 1234
1 26 26 1234
1 27 27 1234
1 28 28 1234
1 29 29 1234
1 30 30 1234
1 31 31 1234
1 32 32 1234
1 33 33 1234
1 34 34 1234
1 35 35 1234
1 36 36 1234
1 37 37 1234
1 38 38 1234
1 39 39 1234
1 40 40 1234
1 41 41 1234
1 42 42 1234
1 43 43 1234
1 44 44 1234
1 45 45 1234
1 46 46 1234
1 47 47 1234
1 48 48 1234
1 49 49 1234
1 50 50 1234
1 51 51 1234
1 52 52 1234
1 53 53 1234
1 54 54 1234
1 55 55 1234
1 56 56 1234
1 57 57 1234
1 58 58 1234
1 59 59 1234
1 60 60 1234
1 61 61 1234
1 62 62 1234
1 63 63 1234
1 64 64 1234
1 65 65 1234
1 66 66 1234
1 67 67 1234
1 68 68 1234
1 69 69 1234
1 70 70 1234
1 71 71 1234
1 72 72 1234
1 73 73 1234
1 74 74 1234
1 75 75 1234
1 76 76 1234
1 77 77 1234
1 78 78 1234
1 79 79 1234
1 80 80 1234
1 81 81 1234
1 82 82 1234
1 83 83 1234
1 84 84 1234
1 85 85 1234
1 86 86 1234
1 87 87 1234
1 88 88 1234
1 89 89 1234
1 90 90 1234
1 91 91 1234
1 92 92 1234
1 93 93 1234
1 94 94 1234
1 95 95 1234
1 96 96 1234
1 97 97 1234
1 98 98 1234
1 99 99 1234
1 100 100 1234
1 101 101 1234
1 102 102 1234
1 103 103 1234
1 104 104 1234
1 105 105 1234
1 106 106 1234
1 107 107 1234
1 108 108 1234
1 109 109 1234
1 110 110 1234
1 111 111 1234
1 112 112 1234
1 113 113 1234
1 114 114 1234
1 115 115 1234
1 116 116 1234
1 117 117 1234
1 118 118 1234
1 119 119 1234
1 120 120 1234
1 121 121 1234
1 122 122 1234
1 123 123 1234
1 124 124 1234
1 125 125 1234
1 126 126 1234
1 127 127 1234
1 128 128 1234
1 129 129 1234
1 130 130 1234
1 131 131 1234
1 132 132 1234
1 133 133 1234
1 134 134 1234
1 135 135 1234
1 136 136 1234
1 137 137 1234
1 138 138 1234
1 139 139 1234
1 140 140 1234
1 141 141 1234
1 142 142 1234
1 143 143 1234
1 144 144 1234
1 145 145 1234
1 146 146 1234
1 147 147 1234
1 148 148 1234
1 149 149 1234
1 150 150 1234
1 151 151 1234
1 152 152 1234
1 153 153 1234
1 154 154 1234
1 155 155 1234
1 156 156 1234
1 157 157 1234
1 158 158 1234
1 159 159 1234
1 160 160 1234
1 161 161 1234
1 162 162 1234
1 163 163 1234
1 164 164 1234
1 165 165 1234
1 166 166 1234
1 167 167 1234
1 168 168 1234
1 169 169 1234
1 170 170 1234
1 171 171 1234
1 172 172 1234
1 173 173 1234
1 174 174 1234
1 175 175 1234
1 176 176 1234
1 177 177 1234
1 178 178 1234
1 179 179 1234
1 180 180 1234
1 181 181 1234
1 182 182 1234
1 183 183 1234
1 184 184 1234
1 185 185 1234
1 186 186 1234
1 187 187 1234
1 188 188 1234
1 189 189 1234
1 190 190 1234
1 191 191 1234
1 192 192 1234
1 193 193 1234
1 194 194 1234
1 195 195 1234
1 196 196 1234
1 197 197 1234
1 198 198 1234
1 199 199 1234
1 200 200 1234
1 201 201 1234
1 202 202 1234
1 203 203 1234
1 204 204 1234
1 205 205 1234
1 206 206 1234
1 207 207 1234
1 208 208 1234
1 209 209 1234
1 210 210 1234
1 211 211 1234
1 212 212 1234
1 213 213 1234
1 214 214 1234
1 215 215 1234
1 216 216 1234
1 217 217 1234
1 218 218 1234
1 219 219 1234
1 220 220 1234
1 221 221 1234
1 222 222 1234
1 223 223 1234
1 224 224 1234
1 225 225 1234
1 226 226 1234
1 227 227 1234
1 228 228 1234
1 229 229 1234
1 230 230 1234
1 231 231 1234
1 232 232 1234
1 233 233 1234
1 234 234 1234
1 235 235 1234
1 236 236 1234
1 237 237 1234
1 238 238 1234
1 239 239 1234
1 240 240 1234
1 241 241 1234
1 242 242 1234
1 243 243 1234
1 244 244 1234
1 245 245 1234
1 246 246 1234
1 247 247 1234
1 248 248 1234
1 249 249 1234
1 250 250 1234
1 251 251 1234
1 252 252 1234
1 253 253 1234
1 254 254 1234
1 255 255 1234
1 256 256 1234
1 257 257 1234
1 258 258 1234
1 259 259 1234
1 260 260 1234
1 261 261 1234
1 262 262 1234
1 263 263 1234
1 264 264 1234
1 265 265 1234
1 266 266 1234
1 267 267 1234
1 268 268 1234
1 269 269 1234
1 270 270 1234
1 271 271 1234
1 272 272 1234
1 273 273 1234
1 274 274 1234
1 275 275 1234
1 276 276 1234
1 277 277 1234
1 278 278 1234
1 279 279 1234
1 280 280 1234
1 281 281 1234
1 282 282 1234
1 283 283 1234
1 284 284 1234
1 285 285 1234
1 286 286 1234
1 287 287 1234
1 288 288 1234
1 289 289 1234
1 290 290 1234
1 291 291 1234
1 292 292 1234
1 293 293 1234
1 294 294 1234
1 295 295 1234
1 296 296 1234
1 297 297 1234
1 298 298 1234
1 299 299 1234
1 300 300 1234
1 301 301 1234
1 302 302 1234
1 303 303 1234
1 304 304 1234
1 305 305 1234
1 306 306 1234
1 307 307 1234
1 308 308 1234
1 309 309 1234
1 310 310 1234
1 311 311 1234
1 312 312 1234
1 313 313 1234
1 314 314 1234
1 315 315 1234
1 316 316 1234
1 317 317 1234
1 318 318 1234
1 319 319 1234
1 320 320 1234
1 321 321 1234
1 322 322 1234
1 323 323 1234
1 324 324 1234
1 325 325 1234
1 326 326 1234
1 327 327 1234
1 328 328 1234
1 329 329 1234
1 330 330 1234
1 331 331 1234
1 332 332 1234
1 333 333 1234
1 334 334 1234
1 335 335 1234
1 336 336 1234
1 337 337 1234
1 338 338 1234
1 339 339 1234
1 340 340 1234
1 341 341 1234
1 342 342 1234
1 343 343 1234
1 344 344 1234
1 345 345 1234
1 346 346 1234
1 347 347 1234
1 348 348 1234
1 349 349 1234
1 350 350 1234
1 351 351 1234
1 352 352 1234
1 353 353 1234
1 354 354 1234
1 355 355 1234
1 356 356 1234
1 357 357 1234
1 358 358 1234
1 359 359 1234
1 360 360 1234
1 361 361 1234
1 362 362 1234
1 363 363 1234
1 364 364 1234
1 365 365 1234
1 366 366 1234
1 367 367 1234
1 368 368 1234
1 369 369 1234
1 370 370 1234
1 371 371 1234
1 372 372 1234
1 373 373 1234
1 374 374 1234
1 375 375 1234
1 376 376 1234
1 377 377 1234
1 378 378 1234
1 379 379 1234
1 380 380 1234
1 381 381 1234
1 382 382 1234
1 383 383 1234
1 384 384 1234
1 385 385 1234
1 386 386 1234
1 387 387 1234
1 388 388 1234
1 389 389 1234
1 390 390 1234
1 391 391 1234
1 392 392 1234
1 393 393 1234
1 394 394 1234
1 395 395 1234
1 396 396 1234
1 397 397 1234
1 398 398 1234
1 399 399 1234
1 400 400 1234
1 401 401 1234
1 402 402 1234
1 403 403 1234
1 404 404 1234
1 405 405 1234
1 406 406 1234
1 407 407 1234
1 408 408 1234
1 409 409 1234
1 410 410 1234
1 411 411 1234
1 412 412 1234
1 413 413 1234
1 414 414 1234
1 415 415 1234
1 416 416 1234
1 417 417 1234
1 418 418 1234
1 419 419 1234
1 420 420 1234
1 421 421 1234
1 422 422 1234
1 423 423 1234
1 424 424 1234
1 425 425 1234
1 426 426 1234
1 427 427 1234
1 428 428 1234
1 429 429 1234
1 430 430 1234
1 431 431 1234
1 432 432 1234
1 433 433 1234
1 434 434 1234
1 435 435 1234
1 436 436 1234
1 437 437 1234
1 438 438 1234
1 439 439 1234
1 440 440 1234
1 441 441 1234
1 442 442 1234
1 443 443 1234
1 444 444 1234
1 445 445 1234
1 446 446 1234
1 447 447 1234
1 448 448 1234
1 449 449 1234
1 450 450 1234
1 451 451 1234
1 452 452 1234
1 453 453 1234
1 454 454 1234
1 455 455 1234
1 456 456 1234
1 457 457 1234
1 458 458 1234
1 459 459 1234
1 460 460 1234
1 461 461 1234
1 462 462 1234
1 463 463 1234
1 464 464 1234
1 465 465 1234
1 466 466 1234
1 467 467 1234
1 468 468 1234
1 469 469 1234
1 470 470 1234
1 471 471 1234
1 472 472 1234
1 473 473 1234
1 474 474 1234
1 475 475 1234
1 476 476 1234
1 477 477 1234
1 478 478 1234
1 479 479 1234
1 480 480 1234
1 481 481 1234
1 482 482 1234
1 483 483 1234
1 484 484 1234
1 485 485 1234
1 486 486 1234
1 487 487 1234
1 488 488 1234
1 489 489 1234
1 490 490 1234
1 491 491 1234
1 492 492 1234
1 493 493 1234
1 494 494 1234
1 495 495 1234
1 496 496 1234
1 497 497 1234
1 498 498 1234
1 499 499 1234
1 500 500 1234
1 501 501 1234
1 502 502 1234
1 503 503 1234
1 504 504 1234
1 505 505 1234
1 506 506 1234
1 507 507 1234
1 508 508 1234
1 509 509 1234
1 510 510 1234
1 511 511 1234
1 512 512 1234
1 513 513 1234
1 514 514 1234
1 515 515 1234
1 516 516 1234
1 517 517 1234
1 518 518 1234
1 519 519 1234
1 520 520 1234
1 521 521 1234
1 522 522 1234
1 523 523 1234
1 524 524 1234
1 525 525 1234
1 526 526 1234
1 527 527 1234
1 528 528 1234
1 529 529 1234
54 0 3435973836 0
54 0 3435973836 0
54 0 3435973836 0
51 0 75 0
51 0 75 0
54 0 75 0
54 0 75 0
1 1 1 1234
54 0 75 0
1 2 2 1234
1 3 3 1234
1 4 4 1234
1 5 5 1234
1 6 6 1234
1 7 7 1234
1 8 8 1234
1 9 9 1234
1 10 10 1234
1 11 11 1234
1 12 12 1234
1 13 13 1234
1 14 14 1234
1 15 15 1234
1 16 16 1234
1 17 17 1234
1 18 18 1234
1 19 19 1234
1 20 20 1234
1 21 21 1234
1 22 22 1234
1 23 23 1234
1 24 24 1234
1 25 25 1234
1 26 26 1234
1 27 27 1234
1 28 28 1234
1 29 29 1234
1 30 30 1234
1 31 31 1234
1 32 32 1234
1 33 33 1234
1 34 34 1234
1 35 35 1234
1 36 36 1234
1 37 37 1234
1 38 38 1234
1 39 39 1234
1 40 40 1234
1 41 41 1234
1 42 42 1234
1 43 43 1234
1 44 44 1234
1 45 45 1234
1 46 46 1234
1 47 47 1234
1 48 48 1234
1 49 49 1234
1 50 50 1234
1 51 51 1234
1 52 52 1234
1 53 53 1234
1 54 54 1234
1 55 55 1234
1 56 56 1234
1 57 57 1234
1 58 58 1234
1 59 59 1234
1 60 60 1234
1 61 61 1234
1 62 62 1234
1 63 63 1234
1 64 64 1234
1 65 65 1234
1 66 66 1234
1 67 67 1234
1 68 68 1234
1 69 69 1234
1 70 70 1234
1 71 71 1234
1 72 72 1234
1 73 73 1234
1 74 74 1234
1 75 75 1234
1 76 76 1234
1 77 77 1234
1 78 78 1234
1 79 79 1234
1 80 80 1234
1 81 81 1234
1 82 82 1234
1 83 83 1234
1 84 84 1234
1 85 85 1234
1 86 86 1234
1 87 87 1234
1 88 88 1234
1 89 89 1234
1 90 90 1234
1 91 91 1234
1 92 92 1234
1 93 93 1234
1 94 94 1234
1 95 95 1234
1 96 96 1234
1 97 97 1234
1 98 98 1234
1 99 99 1234
1 100 100 1234
1 101 101 1234
1 102 102 1234
1 103 103 1234
1 104 104 1234
1 105 105 1234
1 106 106 1234
1 107 107 1234
1 108 108 1234
1 109 109 1234
1 110 110 1234
1 111 111 1234
1 112 112 1234
1 113 113 1234
1 114 114 1234
1 115 115 1234
1 116 116 1234
1 117 117 1234
1 118 118 1234
1 119 119 1234
1 120 120 1234
1 121 121 1234
1 122 122 1234
1 123 123 1234
1 124 124 1234
1 125 125 1234
1 126 126 1234
1 127 127 1234
1 128 128 1234
1 129 129 1234
1 130 130 1234
1 131 131 1234
1 132 132 1234
1 133 133 1234
1 134 134 1234
1 135 135 1234
1 136 136 1234
1 137 137 1234
1 138 138 1234
1 139 139 1234
1 140 140 1234
1 141 141 1234
1 142 142 1234
1 143 143 1234
1 144 144 1234
1 145 145 1234
1 146 146 1234
1 147 147 1234
1 148 148 1234
1 149 149 1234
1 150 150 1234
1 151 151 1234
1 152 152 1234
1 153 153 1234
1 154 154 1234
1 155 155 1234
1 156 156 1234
1 157 157 1234
1 158 158 1234
1 159 159 1234
1 160 160 1234
1 161 161 1234
1 162 162 1234
1 163 163 1234
1 164 164 1234
1 165 165 1234
1 166 166 1234
1 167 167 1234
1 168 168 1234
1 169 169 1234
1 170 170 1234
1 171 171 1234
1 172 172 1234
1 173 173 1234
1 174 174 1234
1 175 175 1234
1 176 176 1234
1 177 177 1234
1 178 178 1234
1 179 179 1234
1 180 180 1234
1 181 181 1234
1 182 182 1234
1 183 183 1234
1 184 184 1234
1 185 185 1234
1 186 186 1234
1 187 187 1234
1 188 188 1234
1 189 189 1234
1 190 190 1234
1 191 191 1234
1 192 192 1234
1 193 193 1234
1 194 194 1234
1 195 195 1234
1 196 196 1234
1 197 197 1234
1 198 198 1234
1 199 199 1234
1 200 200 1234
1 201 201 1234
1 202 202 1234
1 203 203 1234
1 204 204 1234
1 205 205 1234
1 206 206 1234
1 207 207 1234
1 208 208 1234
1 209 209 1234
1 210 210 1234
1 211 211 1234
1 212 212 1234
1 213 213 1234
1 214 214 1234
1 215 215 1234
1 216 216 1234
1 217 217 1234
1 218 218 1234
1 219 219 1234
1 220 220 1234
1 221 221 1234
1 222 222 1234
1 223 223 1234
1 224 224 1234
1 225 225 1234
1 226 226 1234
1 227 227 1234
1 228 228 1234
1 229 229 1234
1 230 230 1234
1 231 231 1234
1 232 232 1234
1 233 233 1234
1 234 234 1234
1 235 235 1234
1 236 236 1234
1 237 237 1234
1 238 238 1234
1 239 239 1234
1 240 240 1234
1 241 241 1234
1 242 242 1234
1 243 243 1234
1 244 244 1234
1 245 245 1234
1 246 246 1234
1 247 247 1234
1 248 248 1234
1 249 249 1234
1 250 250 1234
1 251 251 1234
1 252 252 1234
1 253 253 1234
1 254 254 1234
1 255 255 1234
1 256 256 1234
1 257 257 1234
1 258 258 1234
1 259 259 1234
1 260 260 1234
1 261 261 1234
1 262 262 1234
1 263 263 1234
1 264 264 1234
1 265 265 1234
1 266 266 1234
1 267 267 1234
1 268 268 1234
1 269 269 1234
1 270 270 1234
1 271 271 1234
1 272 272 1234
1 273 273 1234
1 274 274 1234
1 275 275 1234
1 276 276 1234
1 277 277 1234
1 278 278 1234
1 279 279 1234
1 280 280 1234
1 281 281 1234
1 282 282 1234
1 283 283 1234
1 284 284 1234
1 285 285 1234
1 286 286 1234
1 287 287 1234
1 288 288 1234
1 289 289 1234
1 290 290 1234
1 291 291 1234
1 292 292 1234
1 293 293 1234
1 294 294 1234
1 295 295 1234
1 296 296 1234
1 297 297 1234
1 298 298 1234
1 299 299 1234
1 300 300 1234
1 301 301 1234
1 302 302 1234
1 303 303 1234
1 304 304 1234
1 305 305 1234
1 306 306 1234
1 307 307 1234
1 308 308 1234
1 309 309 1234
1 310 310 1234
1 311 311 1234
1 312 312 1234
1 313 313 1234
1 314 314 1234
1 315 315 1234
1 316 316 1234
1 317 317 1234
1 318 318 1234
1 319 319 1234
1 320 320 1234
1 321 321 1234
1 322 322 1234
1 323 323 1234
1 324 324 1234
1 325 325 1234
1 326 326 1234
1 327 327 1234
1 328 328 1234
1 329 329 1234
1 330 330 1234
1 331 331 1234
1 332 332 1234
1 333 333 1234
1 334 334 1234
1 335 335 1234
1 336 336 1234
1 337 337 1234
1 338 338 1234
1 339 339 1234
1 340 340 1234
1 341 341 1234
1 342 342 1234
1 343 343 1234
1 344 344 1234
1 345 345 1234
1 346 346 1234
1 347 347 1234
1 348 348 1234
1 349 349 1234
1 350 350 1234
1 351 351 1234
1 352 352 1234
1 353 353 1234
1 354 354 1234
1 355 355 1234
1 356 356 1234
1 357 357 1234
1 358 358 1234
1 359 359 1234
1 360 360 1234
1 361 361 1234
1 362 362 1234
1 363 363 1234
1 364 364 1234
1 365 365 1234
1 366 366 1234
1 367 367 1234
1 368 368 1234
1 369 369 1234
1 370 370 1234
1 371 371 1234
1 372 372 1234
1 373 373 1234
1 374 374 1234
1 375 375 1234
1 376 376 1234
1 377 377 1234
1 378 378 1234
1 379 379 1234
1 380 380 1234
1 381 381 1234
1 382 382 1234
1 383 383 1234
1 384 384 1234
1 385 385 1234
1 386 386 1234
1 387 387 1234
1 388 388 1234
1 389 389 1234
1 390 390 1234
1 391 391 1234
1 392 392 1234
1 393 393 1234
1 394 394 1234
1 395 395 1234
1 396 396 1234
1 397 397 1234
1 398 398 1234
1 399 399 1234
1 400 400 1234
1 401 401 1234
1 402 402 1234
1 403 403 1234
1 404 404 1234
1 405 405 1234
1 406 406 1234
1 407 407 1234
1 408 408 1234
1 409 409 1234
1 410 410 1234
1 411 411 1234
1 412 412 1234
1 413 413 1234
1 414 414 1234
1 415 415 1234
1 416 416 1234
1 417 417 1234
1 418 418 1234
1 419 419 1234
1 420 420 1234
1 421 421 1234
1 422 422 1234
1 423 423 1234
1 424 424 1234
1 425 425 1234
1 426 426 1234
1 427 427 1234
1 428 428 1234
1 429 429 1234
1 430 430 1234
1 431 431 1234
1 432 432 1234
1 433 433 1234
1 434 434 1234
1 435 435 1234
1 436 436 1234
1 437 437 1234
1 438 438 1234
1 439 439 1234
1 440 440 1234
1 441 441 1234
1 442 442 1234
1 443 443 1234
1 444 444 1234
1 445 445 1234
1 446 446 1234
1 447 447 1234
1 448 448 1234
1 449 449 1234
1 450 450 1234
1 451 451 1234
1 452 452 1234
1 453 453 1234
1 454 454 1234
1 455 455 1234
1 456 456 1234
1 457 457 1234
1 458 458 1234
1 459 459 1234
1 460 460 1234
1 461 461 1234
1 462 462 1234
1 463 463 1234
1 464 464 1234
1 465 465 1234
1 466 466 1234
1 467 467 1234
1 468 468 1234
1 469 469 1234
1 470 470 1234
1 471 471 1234
1 472 472 1234
1 473 473 1234
1 474 474 1234
1 475 475 1234
1 476 476 1234
1 477 477 1234
1 478 478 1234
1 479 479 1234
1 480 480 1234
1 481 481 1234
1 482 482 1234
1 483 483 1234
1 484 484 1234
1 485 485 1234
1 486 486 1234
1 487 487 1234
1 488 488 1234
1 489 489 1234
1 490 490 1234
1 491 491 1234
1 492 492 1234
1 493 493 1234
1 494 494 1234
1 495 495 1234
1 496 496 1234
1 497 497 1234
1 498 498 1234
1 499 499 1234
1 500 500 1234
1 501 501 1234
1 502 502 1234
1 503 503 1234
1 504 504 1234
1 505 505 1234
1 506 506 1234
1 507 507 1234
1 508 508 1234
1 509 509 1234
1 510 510 1234
1 511 511 1234
1 512 512 1234
1 513 513 1234
1 514 514 1234
1 515 515 1234
1 516 516 1234
1 517 517 1234
1 518 518 1234
1 519 519 1234
1 520 520 1234
1 521 521 1234
1 522 522 1234
1 523 523 1234
1 524 524 1234
1 525 525 1234
1 526 526 1234
1 527 527 1234
1 528 528 1234
1 529 529 1234
54 0 3435973836 0
54 0 3435973836 0
54 0 3435973836 0
54 0 3435973836 0
54 0 3435973836 0
54 0 3435973836 0
54 0 3435973836 0
54 0 3435973836 0
54 0 3435973836 0
54 0 3435973836 0
51 0 9542056 0
54 0 9542056 0
54 0 9542056 0
54 0 9542056 0
1 1 1 1234
1 2 2 1234
1 3 3 1234
1 4 4 1234
1 5 5 1234
1 6 6 1234
1 7 7 1234
1 8 8 1234
1 9 9 1234
1 10 10 1234
1 11 11 1234
1 12 12 1234
1 13 13 1234
1 14 14 1234
1 15 15 1234
1 16 16 1234
1 17 17 1234
1 18 18 1234
1 19 19 1234
1 20 20 1234
1 21 21 1234
1 22 22 1234
1 23 23 1234
1 24 24 1234
1 25 25 1234
1 26 26 1234
1 27 27 1234
1 28 28 1234
1 29 29 1234
1 30 30 1234
1 31 31 1234
1 32 32 1234
1 33 33 1234
1 34 34 1234
1 35 35 1234
1 36 36 1234
1 37 37 1234
1 38 38 1234
1 39 39 1234
1 40 40 1234
1 41 41 1234
1 42 42 1234
1 43 43 1234
1 44 44 1234
1 45 45 1234
1 46 46 1234
1 47 47 1234
1 48 48 1234
1 49 49 1234
1 50 50 1234
1 51 51 1234
1 52 52 1234
1 53 53 1234
1 54 54 1234
1 55 55 1234
1 56 56 1234
1 57 57 1234
1 58 58 1234
1 59 59 1234
1 60 60 1234
1 61 61 1234
1 62 62 1234
1 63 63 1234
1 64 64 1234
1 65 65 1234
1 66 66 1234
1 67 67 1234
1 68 68 1234
1 69 69 1234
1 70 70 1234
1 71 71 1234
1 72 72 1234
1 73 73 1234
1 74 74 1234
1 75 75 1234
1 76 76 1234
1 77 77 1234
1 78 78 1234
1 79 79 1234
1 80 80 1234
1 81 81 1234
1 82 82 1234
1 83 83 1234
1 84 84 1234
1 85 85 1234
1 86 86 1234
1 87 87 1234
1 88 88 1234
1 89 89 1234
1 90 90 1234
1 91 91 1234
1 92 92 1234
1 93 93 1234
1 94 94 1234
1 95 95 1234
1 96 96 1234
1 97 97 1234
1 98 98 1234
1 99 99 1234
1 100 100 1234
1 101 101 1234
1 102 102 1234
1 103 103 1234
1 104 104 1234
1 105 105 1234
1 106 106 1234
1 107 107 1234
1 108 108 1234
1 109 109 1234
1 110 110 1234
1 111 111 1234
1 112 112 1234
1 113 113 1234
1 114 114 1234
1 115 115 1234
1 116 116 1234
1 117 117 1234
1 118 118 1234
1 119 119 1234
1 120 120 1234
1 121 121 1234
1 122 122 1234
1 123 123 1234
54 0 3435973836 0
54 0 3435973836 0
54 0 3435973836 0
1 123 123 1234
1 124 124 1234
1 125 125 1234
1 126 126 1234
1 127 127 1234
1 128 128 1234
1 129 129 1234
1 130 130 1234
1 131 131 1234
1 132 132 1234
1 133 133 1234
1 134 134 1234
1 135 135 1234
1 136 136 1234
1 137 137 1234
1 138 138 1234
1 139 139 1234
1 140 140 1234
1 141 141 1234
1 142 142 1234
1 143 143 1234
1 144 144 1234
1 145 145 1234
1 146 146 1234
1 147 147 1234
1 148 148 1234
1 149 149 1234
1 150 150 1234
1 151 151 1234
1 152 152 1234
1 153 153 1234
1 154 154 1234
1 155 155 1234
1 156 156 1234
1 157 157 1234
1 158 158 1234
1 159 159 1234
1 160 160 1234
1 161 161 1234
1 162 162 1234
1 163 163 1234
1 164 164 1234
1 165 165 1234
1 166 166 1234
1 167 167 1234
1 168 168 1234
1 169 169 1234
1 170 170 1234
1 171 171 1234
1 172 172 1234
1 173 173 1234
1 174 174 1234
1 175 175 1234
1 176 176 1234
1 177 177 1234
1 178 178 1234
1 179 179 1234
1 180 180 1234
1 181 181 1234
1 182 182 1234
1 183 183 1234
1 184 184 1234
1 185 185 1234
1 186 186 1234
1 187 187 1234
1 188 188 1234
1 189 189 1234
1 190 190 1234
1 191 191 1234
1 192 192 1234
1 193 193 1234
1 194 194 1234
1 195 195 1234
1 196 196 1234
1 197 197 1234
1 198 198 1234
1 199 199 1234
1 200 200 1234
1 201 201 1234
54 0 3435973836 0
54 0 3435973836 0
1 201 201 1234
54 0 3435973836 0
1 202 202 1234
1 203 203 1234
1 204 204 1234
1 205 205 1234
1 206 206 1234
1 207 207 1234
1 208 208 1234
1 209 209 1234
1 210 210 1234
1 211 211 1234
1 212 212 1234
1 213 213 1234
1 214 214 1234
1 215 215 1234
1 216 216 1234
1 217 217 1234
1 218 218 1234
1 219 219 1234
1 220 220 1234
1 221 221 1234
1 222 222 1234
1 223 223 1234
1 224 224 1234
1 225 225 1234
1 226 226 1234
1 227 227 1234
1 228 228 1234
1 229 229 1234
1 230 230 1234
1 231 231 1234
1 232 232 1234
1 233 233 1234
1 234 234 1234
1 235 235 1234
1 236 236 1234
1 237 237 1234
1 238 238 1234
1 239 239 1234
1 240 240 1234
1 241 241 1234
1 242 242 1234
1 243 243 1234
1 244 244 1234
1 245 245 1234
1 246 246 1234
1 247 247 1234
1 248 248 1234
1 249 249 1234
1 250 250 1234
1 251 251 1234
1 252 252 1234
1 253 253 1234
1 254 254 1234
1 255 255 1234
1 256 256 1234
1 257 257 1234
1 258 258 1234
1 259 259 1234
1 260 260 1234
1 261 261 1234
1 262 262 1234
1 263 263 1234
1 264 264 1234
1 265 265 1234
1 266 266 1234
1 267 267 1234
1 268 268 1234
1 269 269 1234
1 270 270 1234
1 271 271 1234
1 272 272 1234
1 273 273 1234
1 274 274 1234
1 275 275 1234
1 276 276 1234
1 277 277 1234
1 278 278 1234
1 279 279 1234
1 284 284 1234
1 285 285 1234
1 286 286 1234
1 287 287 1234
1 288 288 1234
1 289 289 1234
1 290 290 1234
1 291 291 1234
1 292 292 1234
1 293 293 1234
1 294 294 1234
1 295 295 1234
1 296 296 1234
1 297 297 1234
1 298 298 1234
1 299 299 1234
1 300 300 1234
1 301 301 1234
1 302 302 1234
1 303 303 1234
1 304 304 1234
1 305 305 1234
1 306 306 1234
1 307 307 1234
1 308 308 1234
1 309 309 1234
1 310 310 1234
1 311 311 1234
1 312 312 1234
1 313 313 1234
1 314 314 1234
1 315 315 1234
1 316 316 1234
1 317 317 1234
1 318 318 1234
1 319 319 1234
1 320 320 1234
1 321 321 1234
1 322 322 1234
1 323 323 1234
1 324 324 1234
1 325 325 1234
1 326 326 1234
1 327 327 1234
1 328 328 1234
1 329 329 1234
1 330 330 1234
1 331 331 1234
1 332 332 1234
1 333 333 1234
1 334 334 1234
1 335 335 1234
1 336 336 1234
1 337 337 1234
1 338 338 1234
1 339 339 1234
1 340 340 1234
1 341 341 1234
1 342 342 1234
1 343 343 1234
1 344 344 1234
1 345 345 1234
1 346 346 1234
1 347 347 1234
1 348 348 1234
1 349 349 1234
1 350 350 1234
1 351 351 1234
1 352 352 1234
1 353 353 1234
1 354 354 1234
1 355 355 1234
1 356 356 1234
1 357 357 1234
1 358 358 1234
1 359 359 1234
1 360 360 1234
1 361 361 1234
1 362 362 1234
1 363 363 1234
1 364 364 1234
1 365 365 1234
1 366 366 1234
1 367 367 1234
1 368 368 1234
1 369 369 1234
1 370 370 1234
1 371 371 1234
1 372 372 1234
1 373 373 1234
1 374 374 1234
1 375 375 1234
1 376 376 1234
1 377 377 1234
1 378 378 1234
1 379 379 1234
1 380 380 1234
1 381 381 1234
1 382 382 1234
1 383 383 1234
1 384 384 1234
1 385 385 1234
1 386 386 1234
1 387 387 1234
1 388 388 1234
1 389 389 1234
1 390 390 1234
1 391 391 1234
1 392 392 1234
1 393 393 1234
1 394 394 1234
1 395 395 1234
1 396 396 1234
1 397 397 1234
1 398 398 1234
1 399 399 1234
1 400 400 1234
1 401 401 1234
1 402 402 1234
1 403 403 1234
1 404 404 1234
1 405 405 1234
1 406 406 1234
1 407 407 1234
1 408 408 1234
1 409 409 1234
1 410 410 1234
1 411 411 1234
1 412 412 1234
1 413 413 1234
1 414 414 1234
1 415 415 1234
1 416 416 1234
1 417 417 1234
1 418 418 1234
1 419 419 1234
1 420 420 1234
1 421 421 1234
1 422 422 1234
1 423 423 1234
1 424 424 1234
1 425 425 1234
1 426 426 1234
1 427 427 1234
1 428 428 1234
1 429 429 1234
1 430 430 1234
1 431 431 1234
1 432 432 1234
1 433 433 1234
1 434 434 1234
1 435 435 1234
1 436 436 1234
1 437 437 1234
1 438 438 1234
1 439 439 1234
1 440 440 1234
1 441 441 1234
1 442 442 1234
1 443 443 1234
1 444 444 1234
1 445 445 1234
1 446 446 1234
1 447 447 1234
1 448 448 1234
1 449 449 1234
1 450 450 1234
1 451 451 1234
1 452 452 1234
1 453 453 1234
1 454 454 1234
1 455 455 1234
1 456 456 1234
1 457 457 1234
1 458 458 1234
1 459 459 1234
1 460 460 1234
1 461 461 1234
1 462 462 1234
1 463 463 1234
1 464 464 1234
1 465 465 1234
1 466 466 1234
1 467 467 1234
1 468 468 1234
1 469 469 1234
1 470 470 1234
1 471 471 1234
1 472 472 1234
1 473 473 1234
1 474 474 1234
1 475 475 1234
1 476 476 1234
1 477 477 1234
1 478 478 1234
1 479 479 1234
1 480 480 1234
1 481 481 1234
1 482 482 1234
1 483 483 1234
1 484 484 1234
1 485 485 1234
1 486 486 1234
1 487 487 1234
1 488 488 1234
1 489 489 1234
1 490 490 1234
1 491 491 1234
1 492 492 1234
1 493 493 1234
1 494 494 1234
1 495 495 1234
1 496 496 1234
1 497 497 1234
1 498 498 1234
1 499 499 1234
1 500 500 1234
1 501 501 1234
1 502 502 1234
1 503 503 1234
1 504 504 1234
1 505 505 1234
1 506 506 1234
1 507 507 1234
1 508 508 1234
1 509 509 1234
1 510 510 1234
1 511 511 1234
1 512 512 1234
1 513 513 1234
1 514 514 1234
1 515 515 1234
1 516 516 1234
1 517 517 1234
1 518 518 1234
1 519 519 1234
1 520 520 1234
1 521 521 1234
1 522 522 1234
1 523 523 1234
1 524 524 1234
1 525 525 1234
1 526 526 1234
1 527 527 1234
1 528 528 1234
1 529 529 1234
1 280 280 1234
1 281 281 1234
1 282 282 1234
1 283 283 1234
1 280 280 1234
1 281 281 1234
1 282 282 1234
1 283 283 1234
54 0 3435973836 0
54 0 3435973836 0
54 0 3435973836 0
54 0 3435973836 0
54 0 3435973836 0
54 0 3435973836 0
54 0 3435973836 0
54 0 3435973836 0
54 0 3435973836 0
54 0 3435973836 0
54 0 3435973836 0
54 0 3435973836 0
54 0 3435973836 0
54 0 3435973836 0
54 0 3435973836 0
